-187,-204,-56
-187,-185,8
-187,-184,3
-187,-170,-20
-187,-160,3
-187,-65,-7
-187,-43,-6
-187,-34,8
-187,-33,8
-187,2,-5
-187,57,40
-187,58,40
-187,99,13
-187,104,-4
-187,105,-4
-187,145,12
-187,151,-6
-187,197,-5
-186,-204,66
-186,-185,4
-186,-184,4
-186,-170,-20
-186,-65,-18
-186,-43,4
-186,-34,14
-186,-33,14
-186,2,4
-186,57,8
-186,58,-4
-186,104,-4
-186,105,-15
-185,-204,2
-185,-185,4
-185,-184,4
-185,-161,2
-185,-103,62
-185,-102,3
-185,-66,-48
-185,-65,5
-185,-44,4
-185,-43,40
-185,-34,-6
-185,-33,14
-185,2,5
-185,48,-4
-185,58,40
-185,59,40
-185,105,-4
-185,106,-15
-185,142,-3
-185,143,-7
-185,198,500
-184,-219,2
-184,-205,16
-184,-186,3
-184,-185,4
-184,-123,-50
-184,-95,3
-184,-34,8
-184,-33,-6
-184,2,-5
-184,48,-7
-184,59,40
-184,60,40
-184,105,250
-184,106,-4
-184,141,-7
-184,142,-56
-184,199,-3
-183,-219,4
-183,-206,-56
-183,-205,-56
-183,-186,3
-183,-185,3
-183,-162,3
-183,-123,-50
-183,-94,-21
-183,-42,-10
-183,-34,8
-183,2,-6
-183,60,40
-183,61,40
-183,106,-4
-183,107,-4
-183,140,-4
-183,200,-13
-182,-220,3
-182,-206,4
-182,-205,-56
-182,-187,4
-182,-186,4
-182,-162,6
-182,-94,33
-182,-42,4
-182,-35,-6
-182,-34,-6
-182,2,8
-182,61,-4
-182,107,16
-182,108,-15
-182,139,33
-181,-206,4
-181,-187,13
-181,-186,-28
-181,-163,-53
-181,-94,-11
-181,-93,-9
-181,-35,-7
-181,-34,13
-181,2,11
-181,3,6
-181,35,-50
-181,61,40
-181,62,40
-181,108,-5
-181,109,-8
-181,155,-3
-181,201,-3
-180,-206,-56
-180,-187,24
-180,-163,5
-180,-138,6
-180,-126,-50
-180,-93,-8
-180,-34,-6
-180,-33,-13
-180,2,26
-180,3,-48
-180,36,-50
-180,47,-5
-180,62,-6
-180,63,-13
-180,109,-4
-180,110,-7
-180,155,-5
-180,156,83
-180,202,-6
-179,-223,4
-179,-206,-56
-179,-205,3
-179,-188,-143
-179,-139,8
-179,-138,11
-179,-127,-50
-179,-99,8
-179,-93,27
-179,-64,-8
-179,-34,20
-179,-32,-9
-179,2,-9
-179,3,25
-179,36,-50
-179,47,-167
-179,63,-28
-179,64,-46
-179,109,-5
-179,110,40
-179,156,-5
-179,157,-4
-178,-223,-1000
-178,-206,-56
-178,-205,3
-178,-164,-53
-178,-128,-50
-178,-127,-50
-178,-100,8
-178,-99,7
-178,-93,-36
-178,-64,12
-178,-34,16
-178,3,-48
-178,36,-50
-178,37,-50
-178,47,-48
-178,64,-13
-178,110,40
-178,111,40
-178,157,-6
-177,-223,3
-177,-206,4
-177,-128,-50
-177,-100,6
-177,-34,19
-177,3,7
-177,37,-91
-177,47,-48
-177,65,-9
-177,111,40
-177,112,40
-177,158,-3
-176,-223,4
-176,-165,-53
-176,-128,-18
-176,-100,8
-176,-35,-334
-176,-34,12
-176,3,-48
-176,37,-50
-176,46,-5
-176,47,-48
-176,65,-21
-176,66,40
-176,112,40
-176,113,-6
-176,158,-6
-176,159,-8
-175,-222,2
-175,-190,7
-175,-189,3
-175,-165,5
-175,-128,-50
-175,-35,6
-175,-34,5
-175,3,71
-175,37,-50
-175,46,-5
-175,66,-21
-175,67,-25
-175,113,-6
-175,114,-6
-175,159,-6
-175,160,-3
-174,-222,4
-174,-207,4
-174,-206,6
-174,-190,3
-174,-189,2
-174,-178,33
-174,-128,-50
-174,-35,16
-174,-34,5
-174,-33,-46
-174,3,45
-174,37,-50
-174,46,-35
-174,67,-46
-174,68,-24
-174,113,9
-174,114,9
-174,160,-8
-174,207,-6
-173,-207,100
-173,-206,2
-173,-190,3
-173,-189,2
-173,-178,4
-173,-128,333
-173,-35,16
-173,3,-48
-173,68,8
-173,114,-4
-173,161,40
-173,207,-15
-173,208,-15
-172,-207,-500
-172,-206,-500
-172,-190,4
-172,-178,-53
-172,-128,3
-172,-104,8
-172,-35,16
-172,-32,20
-172,28,6
-172,68,-20
-172,69,-46
-172,116,-10
-172,162,-4
-172,191,-6
-172,208,-6
-171,-207,2
-171,-191,-167
-171,-190,4
-171,-178,-53
-171,-167,6
-171,-128,-50
-171,-35,-6
-171,-32,-12
-171,5,-48
-171,69,-46
-171,70,6
-171,116,-4
-171,117,9
-171,141,-9
-171,162,-3
-171,163,17
-171,191,-4
-171,208,-4
-171,209,-3
-170,-208,90
-170,-207,2
-170,-191,2
-170,-178,-22
-170,-128,-50
-170,-103,-23
-170,-36,-9
-170,-35,-46
-170,5,23
-170,6,11
-170,70,8
-170,71,-4
-170,117,40
-170,163,-3
-170,164,-6
-170,209,-3
-170,210,-3
-169,-208,-500
-169,-207,2
-169,-191,2
-169,-178,-53
-169,-104,-11
-169,-36,50
-169,-35,50
-169,5,7
-169,6,-48
-169,71,8
-169,118,-5
-169,164,-8
-169,210,-3
-169,211,-3
-168,-208,2
-168,-207,-500
-168,-191,4
-168,-104,-12
-168,-73,5
-168,-36,-6
-168,-35,-46
-168,-29,-16
-168,5,5
-168,6,22
-168,72,40
-168,118,-5
-168,119,-46
-168,165,-8
-168,211,-6
-167,-208,2
-167,-207,2
-167,-191,4
-167,-190,2
-167,-99,5
-167,-29,25
-167,-28,7
-167,6,-48
-167,72,40
-167,73,-4
-167,119,40
-167,120,14
-167,165,-4
-167,166,-5
-167,212,-5
-166,-208,5
-166,-207,3
-166,-191,2
-166,-190,7
-166,-28,-46
-166,-17,-10
-166,73,40
-166,74,-46
-166,120,-15
-166,166,-15
-166,167,-15
-166,212,-4
-166,213,-7
-165,-207,2
-165,-191,2
-165,-172,7
-165,-98,4
-165,-28,12
-165,-27,12
-165,74,-4
-165,75,-4
-165,120,-4
-165,121,40
-165,213,-4
-165,214,-9
-164,-207,3
-164,-191,7
-164,-98,-48
-164,-28,-6
-164,-27,4
-164,74,8
-164,75,-9
-164,122,-3
-164,214,-3
-164,215,-3
-163,-207,6
-163,-191,7
-163,-190,2
-163,-28,-6
-163,-27,4
-163,75,8
-163,76,-46
-163,119,-3
-163,123,-14
-163,169,-5
-163,215,-3
-162,-208,-1000
-162,-207,3
-162,-190,2
-162,-179,21
-162,-112,3
-162,-36,7
-162,-28,-46
-162,76,-4
-162,77,-46
-162,119,-56
-162,216,-9
-161,-207,2
-161,-206,-56
-161,-179,3
-161,-175,5
-161,-112,4
-161,-36,-46
-161,77,8
-161,78,-46
-161,118,-6
-161,119,-3
-161,124,-6
-161,171,-46
-161,216,-4
-161,217,-3
-160,-206,3
-160,-205,-53
-160,-36,7
-160,78,-46
-160,79,-46
-160,118,-5
-160,125,-40
-160,217,-4
-160,218,-3
-159,-99,-48
-159,-36,-46
-159,64,11
-159,78,-10
-159,79,-46
-159,125,-7
-159,126,14
-159,172,-6
-159,218,-4
-158,-100,-48
-158,-36,7
-158,64,27
-158,79,-46
-158,80,-46
-158,119,-56
-158,126,-5
-158,127,-6
-158,173,-14
-158,219,-3
-157,-156,6
-157,-130,7
-157,-101,-48
-157,-100,4
-157,-37,-46
-157,-36,-46
-157,-19,1000
-157,80,40
-157,81,40
-157,119,-7
-157,127,14
-157,174,-6
-157,220,-4
-156,-101,-48
-156,-37,-46
-156,-36,-46
-156,-19,5
-156,81,40
-156,82,-8
-156,119,-6
-156,127,38
-156,128,-46
-156,221,-4
-155,-37,10
-155,-36,-46
-155,-19,1000
-155,21,14
-155,81,-13
-155,82,40
-155,118,-9
-155,119,-9
-155,128,14
-155,129,14
-155,214,-10
-155,215,-7
-155,222,-5
-154,-102,-48
-154,-37,-46
-154,-36,4
-154,21,14
-154,82,-46
-154,83,40
-154,118,-9
-154,119,-91
-154,129,14
-154,130,14
-154,173,35
-154,214,-63
-154,222,-3
-154,223,-44
-153,-102,-48
-153,-38,5
-153,-37,-46
-153,45,-4
-153,83,40
-153,84,40
-153,118,-5
-153,130,14
-153,131,-46
-153,177,-35
-153,214,-63
-153,223,-3
-152,-198,13
-152,-102,-48
-152,-38,-6
-152,-37,-46
-152,84,40
-152,85,40
-152,130,-7
-152,131,-46
-152,214,-63
-151,-183,-53
-151,-102,-48
-151,-38,-12
-151,-37,-46
-151,84,40
-151,85,40
-151,86,40
-151,131,-46
-151,132,-46
-151,178,-15
-151,179,-7
-151,213,-63
-151,214,-63
-150,-102,-48
-150,-38,-46
-150,-37,9
-150,24,-7
-150,85,-7
-150,86,-7
-150,113,-6
-150,114,22
-150,132,-6
-150,133,-46
-150,179,55
-150,213,-63
-150,214,-7
-149,-102,16
-149,-38,9
-149,-37,9
-149,24,-24
-149,86,-7
-149,87,-7
-149,112,-8
-149,113,10
-149,133,-6
-149,134,-46
-149,180,-7
-149,213,-63
-149,214,-63
-148,-213,5
-148,-210,3
-148,-103,5
-148,-102,3
-148,-38,9
-148,-37,9
-148,-23,8
-148,10,18
-148,87,-46
-148,88,-46
-148,112,10
-148,134,-6
-148,135,-46
-148,181,-6
-148,213,-63
-148,214,-7
-147,-213,2
-147,-210,11
-147,-103,-53
-147,-102,3
-147,-38,9
-147,-37,4
-147,-23,38
-147,9,17
-147,10,17
-147,88,-46
-147,89,-46
-147,134,-6
-147,135,-46
-147,181,-4
-147,182,-46
-147,213,-63
-147,214,-63
-146,-213,2
-146,-210,2
-146,-103,3
-146,-102,3
-146,-38,50
-146,-37,4
-146,-20,5
-146,8,5
-146,9,-8
-146,88,8
-146,89,40
-146,135,-4
-146,136,-4
-146,182,40
-146,213,-63
-146,214,-63
-145,-210,4
-145,-103,3
-145,-102,3
-145,-38,50
-145,-37,4
-145,-20,-25
-145,8,-15
-145,9,5
-145,89,-46
-145,90,40
-145,136,-15
-145,137,-46
-145,183,-7
-145,213,-63
-145,214,-63
-144,-103,-42
-144,-102,23
-144,-99,34
-144,-39,-334
-144,-38,-46
-144,-37,4
-144,-20,-20
-144,7,4
-144,8,-8
-144,9,-8
-144,90,-10
-144,91,-10
-144,137,-15
-144,138,-46
-144,167,27
-144,184,-4
-144,213,-63
-144,219,-63
-143,-102,-56
-143,-99,26
-143,-39,4
-143,-38,-46
-143,7,-39
-143,8,16
-143,90,8
-143,91,-7
-143,92,-5
-143,138,-4
-143,184,-15
-143,185,-25
-143,213,-63
-143,218,-63
-142,-102,4
-142,-99,5
-142,-39,-12
-142,-38,9
-142,6,-15
-142,7,5
-142,8,5
-142,42,-17
-142,91,-5
-142,92,8
-142,139,-46
-142,185,-9
-142,213,-63
-142,218,-63
-141,-194,-53
-141,-101,-56
-141,-98,3
-141,-39,9
-141,-38,9
-141,6,4
-141,7,5
-141,42,8
-141,46,-46
-141,92,40
-141,93,-46
-141,139,-4
-141,140,-4
-141,186,-3
-141,212,-4
-141,213,-63
-141,217,-7
-140,-194,14
-140,-101,-56
-140,-98,3
-140,-39,4
-140,-38,-6
-140,5,6
-140,6,5
-140,7,4
-140,47,-7
-140,93,8
-140,94,8
-140,140,16
-140,141,-46
-140,187,-4
-140,212,-3
-140,213,-63
-139,-194,2
-139,-191,3
-139,-101,-10
-139,-98,12
-139,-38,19
-139,5,5
-139,6,14
-139,33,-7
-139,47,-46
-139,48,13
-139,93,38
-139,94,8
-139,95,8
-139,141,-7
-139,142,-46
-139,188,-6
-139,212,-7
-139,213,-6
-138,-211,6
-138,-191,9
-138,-98,4
-138,-68,142
-138,-38,6
-138,5,14
-138,6,14
-138,34,7
-138,48,-29
-138,94,-9
-138,95,9
-138,96,-46
-138,142,-7
-138,188,-7
-138,189,-5
-138,215,-3
-137,-98,8
-137,-65,-46
-137,-38,19
-137,4,-11
-137,5,14
-137,34,-11
-137,49,-10
-137,95,-13
-137,96,-9
-137,143,-4
-136,-100,12
-136,-65,-46
-136,-39,14
-136,-38,-12
-136,-31,-46
-136,4,14
-136,5,14
-136,50,-46
-136,94,9
-136,97,-7
-136,144,19
-135,-100,3
-135,-68,-46
-135,-65,-46
-135,-39,14
-135,-38,6
-135,-30,-46
-135,4,4
-135,5,4
-135,35,-8
-135,51,-46
-135,94,-16
-135,97,-46
-135,98,-46
-135,144,-5
-135,145,-46
-134,-100,5
-134,-99,5
-134,-87,-10
-134,-68,-46
-134,-65,-46
-134,-39,6
-134,-38,6
-134,3,13
-134,4,13
-134,35,-67
-134,51,-46
-134,52,-46
-134,93,-7
-134,98,-9
-134,99,-9
-134,145,-5
-133,-171,-44
-133,-100,-42
-133,-99,-42
-133,-87,-10
-133,-65,-8
-133,-39,-46
-133,3,13
-133,4,13
-133,35,28
-133,52,-46
-133,98,-5
-133,99,-9
-133,100,-46
-133,146,-5
-133,193,-3
-132,-171,4
-132,-123,-15
-132,-100,-42
-132,-99,-42
-132,-87,-10
-132,-65,7
-132,-39,16
-132,2,-6
-132,3,-16
-132,53,-9
-132,90,-46
-132,99,-5
-132,100,-46
-132,147,-6
-131,-192,12
-131,-176,6
-131,-175,-50
-131,-99,-42
-131,-98,-42
-131,-87,23
-131,-40,-6
-131,-39,16
-131,-8,-19
-131,2,-5
-131,41,38
-131,54,-46
-131,89,-46
-131,100,-46
-131,101,-46
-131,148,-46
-130,-212,4
-130,-192,12
-130,-175,15
-130,-151,-23
-130,-99,-42
-130,-98,-42
-130,-87,22
-130,-40,-14
-130,-39,9
-130,-29,-46
-130,-9,-24
-130,-8,-19
-130,2,-12
-130,41,-7
-130,54,-7
-130,55,-46
-130,88,-19
-130,101,-46
-130,102,-46
-130,148,62
-130,182,-5
-129,-151,23
-129,-130,11
-129,-99,-42
-129,-98,-42
-129,-40,66
-129,-39,9
-129,-29,-46
-129,-28,10
-129,-9,-63
-129,1,-24
-129,2,-39
-129,41,8
-129,55,13
-129,86,12
-129,87,-8
-129,102,-46
-129,103,-46
-129,149,-6
-129,182,-59
-128,-172,-50
-128,-99,-42
-128,-98,-42
-128,-93,-18
-128,-52,5
-128,-51,-100
-128,-40,66
-128,-39,9
-128,-28,333
-128,-19,-46
-128,-9,4
-128,1,16
-128,85,-7
-128,86,-7
-128,102,-15
-128,103,-46
-128,149,-5
-128,150,-5
-128,182,27
-127,-99,-42
-127,-98,-42
-127,-97,-42
-127,-91,6
-127,-53,-17
-127,-52,37
-127,-40,-29
-127,-39,5
-127,-9,23
-127,1,6
-127,84,12
-127,85,-7
-127,103,-46
-127,104,-46
-127,150,-6
-127,151,-46
-127,182,-59
-126,-112,28
-126,-98,-42
-126,-97,-42
-126,-91,3
-126,-55,13
-126,-40,-46
-126,-39,111
-126,-9,7
-126,0,6
-126,1,6
-126,41,-7
-126,104,-46
-126,105,-46
-126,151,-46
-126,181,-59
-126,182,-59
-125,-224,3
-125,-217,3
-125,-208,2
-125,-207,7
-125,-172,-50
-125,-113,6
-125,-98,-42
-125,-97,-42
-125,-56,13
-125,-55,4
-125,-40,100
-125,-9,22
-125,0,-13
-125,41,-10
-125,57,15
-125,58,6
-125,105,-46
-125,106,-46
-125,152,-8
-125,181,-59
-125,182,-59
-124,-218,6
-124,-217,7
-124,-207,3
-124,-206,7
-124,-134,-25
-124,-131,3
-124,-109,22
-124,-98,-42
-124,-97,-42
-124,-57,-167
-124,-56,10
-124,-41,-9
-124,-40,12
-124,-9,-7
-124,-8,4
-124,0,-28
-124,41,-15
-124,58,-12
-124,59,6
-124,106,-46
-124,141,-6
-124,153,-8
-124,181,-59
-123,-218,2
-123,-217,7
-123,-207,7
-123,-206,11
-123,-205,-53
-123,-134,-48
-123,-131,111
-123,-98,-42
-123,-97,-42
-123,-96,-42
-123,-58,-200
-123,-57,-200
-123,-41,12
-123,-40,12
-123,-8,-7
-123,59,-12
-123,60,13
-123,106,40
-123,107,-6
-123,140,-46
-123,153,-5
-123,154,-46
-123,181,-59
-123,201,-13
-122,-221,2
-122,-206,-53
-122,-205,-53
-122,-131,20
-122,-97,-42
-122,-96,-42
-122,-59,10
-122,-58,10
-122,-41,4
-122,-40,7
-122,-1,8
-122,40,13
-122,60,-12
-122,61,-9
-122,107,40
-122,108,-46
-122,138,-46
-122,139,-46
-122,154,100
-122,181,-59
-122,201,-28
-121,-222,-334
-121,-221,3
-121,-206,4
-121,-205,-53
-121,-204,-53
-121,-152,14
-121,-131,6
-121,-97,-42
-121,-96,-42
-121,-60,6
-121,-59,6
-121,-41,5
-121,-40,16
-121,-2,8
-121,-1,8
-121,40,13
-121,60,-15
-121,61,-9
-121,62,-9
-121,108,-46
-121,109,-46
-121,137,-250
-121,138,37
-121,155,-46
-121,181,-59
-121,182,-59
-121,201,-28
-121,202,-7
-120,-223,5
-120,-222,-500
-120,-205,-53
-120,-204,11
-120,-131,21
-120,-97,-42
-120,-96,-42
-120,-61,5
-120,-60,4
-120,-41,5
-120,-40,4
-120,-3,-39
-120,-2,-17
-120,40,5
-120,61,-9
-120,62,-8
-120,108,-10
-120,109,-4
-120,110,-15
-120,136,13
-120,137,13
-120,156,-24
-120,181,-6
-120,182,-59
-120,202,-15
-120,203,-12
-119,-223,-1000
-119,-222,-1000
-119,-205,2
-119,-204,11
-119,-203,11
-119,-152,2
-119,-97,-42
-119,-96,-42
-119,-62,5
-119,-61,30
-119,-41,83
-119,-40,83
-119,-34,-20
-119,-3,5
-119,-2,-39
-119,28,16
-119,62,-7
-119,63,-8
-119,109,250
-119,110,-15
-119,135,-5
-119,156,-5
-119,157,18
-119,182,-15
-119,203,-5
-119,204,-12
-118,-224,2
-118,-222,9
-118,-205,5
-118,-204,11
-118,-203,-53
-118,-96,3
-118,-64,14
-118,-41,-23
-118,-40,-23
-118,-3,-39
-118,28,5
-118,39,-6
-118,63,-18
-118,64,-46
-118,110,13
-118,111,-15
-118,157,-46
-118,158,-46
-118,182,-6
-118,183,-22
-118,204,-4
-117,-224,9
-117,-204,11
-117,-203,-53
-117,-65,28
-117,-64,9
-117,-41,-22
-117,-40,5
-117,-4,10
-117,-3,10
-117,27,6
-117,39,-8
-117,64,-11
-117,65,-11
-117,111,13
-117,112,-46
-117,158,-15
-117,159,-46
-117,183,-3
-117,204,-26
-117,205,-26
-116,-224,1000
-116,-223,1000
-116,-204,3
-116,-203,-53
-116,-66,28
-116,-65,-44
-116,-42,4
-116,-41,4
-116,-5,5
-116,-4,10
-116,20,-500
-116,65,-46
-116,66,-46
-116,111,-6
-116,112,-8
-116,113,-46
-116,159,142
-116,205,-46
-116,206,-4
-115,-224,1000
-115,-204,2
-115,-203,-53
-115,-202,-53
-115,-82,4
-115,-81,-46
-115,-65,-12
-115,-42,-13
-115,-41,-13
-115,-10,-8
-115,-5,-11
-115,-4,5
-115,20,-10
-115,66,-46
-115,112,-46
-115,113,-46
-115,160,-9
-115,206,-4
-115,207,-4
-114,-224,5
-114,-204,2
-114,-203,-53
-114,-202,-53
-114,-147,13
-114,-128,-48
-114,-95,8
-114,-64,4
-114,-49,5
-114,-48,-44
-114,-42,-13
-114,-41,4
-114,-3,5
-114,-2,10
-114,66,-46
-114,67,-46
-114,113,-6
-114,114,-46
-114,161,-46
-114,207,-7
-113,-224,9
-113,-223,500
-113,-203,3
-113,-202,3
-113,-147,-14
-113,-95,-42
-113,-94,-42
-113,-50,-44
-113,-42,76
-113,-41,-13
-113,-6,19
-113,-2,10
-113,67,-46
-113,68,-46
-113,115,-15
-113,162,-5
-113,208,-7
-112,-224,-1000
-112,-223,6
-112,-206,11
-112,-205,3
-112,-95,-42
-112,-94,-8
-112,-42,-6
-112,-41,-6
-112,-2,-500
-112,7,-29
-112,8,25
-112,15,500
-112,16,8
-112,68,-46
-112,69,-46
-112,115,-8
-112,116,-8
-112,163,-46
-112,208,-7
-112,209,-7
-111,-224,-1000
-111,-223,6
-111,-206,-53
-111,-205,7
-111,-145,3
-111,-95,-42
-111,-94,11
-111,-85,12
-111,-81,3
-111,-80,4
-111,-42,-6
-111,-41,-6
-111,4,-6
-111,7,-14
-111,8,-14
-111,16,12
-111,17,-13
-111,69,-46
-111,70,-46
-111,116,-8
-111,117,-5
-111,163,-46
-111,209,-5
-111,210,-46
-110,-224,2
-110,-223,4
-110,-216,3
-110,-207,4
-110,-206,11
-110,-205,11
-110,-164,2
-110,-94,-77
-110,-85,-46
-110,-81,62
-110,-80,62
-110,-42,-6
-110,-41,-17
-110,4,5
-110,7,-14
-110,17,-8
-110,18,-8
-110,29,-13
-110,61,-46
-110,62,-46
-110,70,-46
-110,117,-4
-110,164,-7
-110,210,-46
-109,-224,-1000
-109,-223,8
-109,-222,8
-109,-207,9
-109,-206,7
-109,-164,4
-109,-94,34
-109,-93,-112
-109,-85,8
-109,-81,3
-109,-80,62
-109,-42,-17
-109,-41,-17
-109,4,29
-109,7,-6
-109,10,-6
-109,17,-25
-109,18,12
-109,60,12
-109,61,-46
-109,70,-46
-109,71,-46
-109,117,-3
-109,118,-15
-109,165,-4
-109,211,-4
-108,-224,8
-108,-221,3
-108,-208,6
-108,-207,11
-108,-164,3
-108,-143,9
-108,-94,-42
-108,-93,5
-108,-82,58
-108,-81,58
-108,-43,-44
-108,-42,-17
-108,-41,-17
-108,-30,-7
-108,-6,18
-108,-5,18
-108,3,-84
-108,4,7
-108,18,8
-108,28,-34
-108,59,7
-108,60,-100
-108,71,-46
-108,72,-46
-108,118,-8
-108,119,-46
-108,165,-4
-108,166,-8
-108,211,-15
-108,212,-6
-107,-224,4
-107,-221,5
-107,-220,6
-107,-214,3
-107,-209,3
-107,-208,10
-107,-165,4
-107,-143,40
-107,-142,3
-107,-94,-42
-107,-93,35
-107,-83,7
-107,-82,-46
-107,-81,-46
-107,-43,52
-107,-42,-14
-107,-30,5
-107,-16,-63
-107,-6,5
-107,3,-9
-107,9,-50
-107,12,-20
-107,58,-12
-107,59,11
-107,72,-12
-107,73,-46
-107,119,-46
-107,120,-15
-107,166,-46
-106,-224,4
-106,-220,9
-106,-215,35
-106,-214,5
-106,-210,5
-106,-209,3
-106,-142,9
-106,-93,12
-106,-83,-46
-106,-82,58
-106,-81,3
-106,-43,52
-106,-42,-17
-106,-16,6
-106,-7,9
-106,-3,-10
-106,3,-7
-106,9,-9
-106,12,-28
-106,22,-14
-106,57,35
-106,73,-10
-106,120,-46
-106,121,-46
-106,167,-46
-106,214,-4
-105,-220,5
-105,-211,43
-105,-210,5
-105,-145,7
-105,-142,8
-105,-93,-42
-105,-92,-91
-105,-82,14
-105,-81,-46
-105,-43,-9
-105,-42,-44
-105,-7,-250
-105,3,-28
-105,6,5
-105,9,5
-105,74,13
-105,121,-46
-105,168,-3
-105,209,-5
-105,210,-59
-104,-168,3
-104,-145,35
-104,-93,-42
-104,-92,6
-104,-82,3
-104,-81,58
-104,-43,7
-104,-42,7
-104,-1,-16
-104,6,-44
-104,9,-28
-104,10,23
-104,18,-26
-104,38,71
-104,74,-46
-104,75,-46
-104,121,-46
-104,122,-46
-104,169,-14
-104,209,-5
-103,-145,-48
-103,-93,-42
-103,-92,17
-103,-82,-46
-103,-81,-46
-103,-43,47
-103,-42,-14
-103,0,-10
-103,5,-32
-103,6,5
-103,10,-28
-103,18,-26
-103,22,-8
-103,38,-7
-103,75,-46
-103,76,-46
-103,113,-5
-103,114,-5
-103,122,-46
-103,123,-46
-103,169,-5
-103,170,-46
-103,208,-10
-103,209,-5
-102,-92,-42
-102,-43,30
-102,-42,-44
-102,-12,4
-102,-9,125
-102,-8,-18
-102,5,-9
-102,11,-8
-102,17,-56
-102,18,-38
-102,22,-44
-102,25,-8
-102,38,9
-102,76,-46
-102,77,-46
-102,112,-46
-102,113,-46
-102,123,-15
-102,124,-46
-102,170,40
-102,208,-5
-102,209,-5
-102,217,-15
-101,-141,-48
-101,-118,3
-101,-92,-42
-101,-43,-44
-101,-9,10
-101,16,7
-101,17,-56
-101,25,-39
-101,38,9
-101,77,-46
-101,111,-46
-101,112,-46
-101,124,-46
-101,171,-46
-101,208,-4
-101,209,-4
-101,218,-3
-100,-147,-48
-100,-141,-48
-100,-92,-42
-100,-91,11
-100,-43,-14
-100,24,7
-100,38,-5
-100,77,-46
-100,78,-46
-100,110,-46
-100,124,-46
-100,125,-46
-100,172,-46
-100,208,-4
-100,209,-5
-99,-148,-48
-99,-140,-48
-99,-92,3
-99,-91,5
-99,-48,-44
-99,-43,-44
-99,-42,-44
-99,-8,-167
-99,13,-23
-99,23,12
-99,24,7
-99,38,-5
-99,78,-46
-99,79,-46
-99,108,-6
-99,109,-46
-99,125,-46
-99,126,-46
-99,172,-5
-99,173,-46
-99,208,-18
-99,209,-18
-99,219,-4
-98,-149,4
-98,-140,-48
-98,-91,-42
-98,-69,-500
-98,-43,-44
-98,-42,-44
-98,-5,-12
-98,-4,6
-98,23,-19
-98,24,-19
-98,79,-46
-98,107,-20
-98,108,-46
-98,126,-46
-98,127,-46
-98,172,-46
-98,173,-46
-98,208,-4
-98,209,-5
-98,220,-46
-97,-212,3
-97,-140,-48
-97,-91,40
-97,-43,-44
-97,-42,-44
-97,-13,14
-97,-4,1000
-97,-3,1000
-97,23,-19
-97,24,-39
-97,80,-7
-97,106,-21
-97,107,-6
-97,127,-46
-97,173,-46
-97,174,-46
-97,208,-4
-97,209,-9
-97,221,-7
-96,-213,5
-96,-161,10
-96,-140,-48
-96,-139,7
-96,-91,-42
-96,-90,-42
-96,-43,-44
-96,-42,-44
-96,-4,1000
-96,-3,1000
-96,5,-15
-96,6,-15
-96,17,-13
-96,23,12
-96,24,-39
-96,25,-39
-96,81,-46
-96,105,-9
-96,127,-46
-96,128,-46
-96,174,-11
-96,175,-5
-96,208,-4
-96,209,-5
-95,-214,-250
-95,-162,21
-95,-161,21
-95,-140,-48
-95,-139,-48
-95,-91,-42
-95,-90,-42
-95,-43,-44
-95,-42,5
-95,-4,9
-95,6,6
-95,7,5
-95,17,-53
-95,24,-30
-95,25,5
-95,82,1000
-95,105,-46
-95,128,-46
-95,129,-46
-95,175,-46
-95,176,-46
-95,207,-4
-95,208,-5
-94,-214,9
-94,-162,20
-94,-139,-48
-94,-91,3
-94,-90,-42
-94,-70,18
-94,-44,-44
-94,-43,-44
-94,-12,-39
-94,-1,-84
-94,7,5
-94,14,5
-94,17,5
-94,24,12
-94,25,-39
-94,82,-4
-94,129,-46
-94,130,-46
-94,176,-46
-94,177,-46
-94,207,-5
-94,208,-5
-93,-215,2
-93,-163,12
-93,-139,5
-93,-90,-42
-93,-84,5
-93,-62,-44
-93,-44,-44
-93,-43,-44
-93,-7,-334
-93,7,-50
-93,10,-34
-93,14,7
-93,17,10
-93,25,-39
-93,26,6
-93,83,-5
-93,130,-46
-93,131,-46
-93,176,-46
-93,177,-46
-93,207,-19
-93,208,-4
-92,-215,33
-92,-164,-48
-92,-154,6
-92,-139,8
-92,-90,-42
-92,-68,20
-92,-67,5
-92,-44,-44
-92,-43,-44
-92,-7,-7
-92,-2,-59
-92,4,5
-92,10,-31
-92,14,-13
-92,25,5
-92,26,6
-92,84,-4
-92,131,-5
-92,160,-7
-92,177,-46
-92,178,-46
-92,207,-4
-92,208,-5
-91,-154,-48
-91,-139,20
-91,-90,-42
-91,-89,-42
-91,-68,1000
-91,-67,-44
-91,-44,4
-91,-43,4
-91,-15,-53
-91,-8,1000
-91,-2,-7
-91,1,6
-91,4,-59
-91,10,-50
-91,14,-24
-91,17,-28
-91,26,-39
-91,27,6
-91,85,-4
-91,131,-7
-91,132,-5
-91,178,-46
-91,179,-46
-91,207,-20
-91,208,-20
-90,-155,-48
-90,-139,8
-90,-89,-42
-90,-68,14
-90,-67,-44
-90,-44,-44
-90,-16,-7
-90,-8,-91
-90,-5,-56
-90,-2,-7
-90,1,-42
-90,4,-44
-90,10,-50
-90,14,5
-90,17,-25
-90,20,-21
-90,26,-9
-90,27,-9
-90,39,-46
-90,132,-6
-90,133,-46
-90,158,-4
-90,179,-46
-90,180,-46
-90,207,-4
-90,208,-4
-89,-139,9
-89,-89,5
-89,-72,4
-89,-69,20
-89,-68,4
-89,-67,-44
-89,-44,111
-89,-8,-12
-89,-5,6
-89,-2,5
-89,7,-50
-89,10,-34
-89,14,5
-89,17,-34
-89,20,-31
-89,26,-11
-89,27,6
-89,39,-46
-89,86,1000
-89,133,40
-89,134,-46
-89,179,-46
-89,180,-46
-89,207,-4
-89,208,-4
-88,-217,6
-88,-139,2
-88,-93,500
-88,-88,6
-88,-66,-44
-88,-44,-44
-88,-38,200
-88,-17,12
-88,-16,-14
-88,-6,5
-88,-5,4
-88,-2,-200
-88,-1,-17
-88,7,5
-88,11,-9
-88,14,-14
-88,20,-334
-88,27,-39
-88,28,-39
-88,40,-8
-88,87,-46
-88,134,-9
-88,180,-46
-88,181,-46
-88,207,-5
-88,208,-5
-87,-217,6
-87,-144,13
-87,-139,8
-87,-93,31
-87,-88,22
-87,-66,5
-87,-65,3
-87,-48,8
-87,-44,-9
-87,-38,-44
-87,-17,5
-87,-6,8
-87,-1,-15
-87,6,6
-87,7,9
-87,11,-6
-87,17,-31
-87,20,-28
-87,27,7
-87,28,-39
-87,41,-46
-87,88,-46
-87,135,-5
-87,181,-46
-87,182,-46
-87,188,-46
-87,207,-59
-87,208,-63
-86,-218,4
-86,-156,6
-86,-144,13
-86,-139,6
-86,-138,4
-86,-92,12
-86,-88,-14
-86,-66,15
-86,-49,37
-86,-48,37
-86,-44,-36
-86,-17,500
-86,5,6
-86,6,-38
-86,11,-67
-86,17,5
-86,20,-42
-86,23,-6
-86,28,-39
-86,41,-46
-86,42,8
-86,89,-8
-86,136,-4
-86,182,-46
-86,188,-4
-86,189,-9
-86,207,-5
-86,208,-22
-85,-156,6
-85,-144,18
-85,-139,6
-85,-138,2
-85,-92,6
-85,-88,10
-85,-67,3
-85,-66,-20
-85,-48,16
-85,-44,3
-85,16,-50
-85,17,-50
-85,22,7
-85,23,-31
-85,28,-39
-85,29,-39
-85,42,-46
-85,89,-14
-85,90,-8
-85,136,-5
-85,137,-4
-85,183,-46
-84,-156,-48
-84,-145,7
-84,-144,7
-84,-138,14
-84,-92,-15
-84,-91,4
-84,-44,-44
-84,22,-1000
-84,29,-39
-84,35,-25
-84,43,-46
-84,90,-46
-84,137,-6
-84,138,-4
-83,-162,3
-83,-145,3
-83,-138,3
-83,-91,21
-83,-90,4
-83,-41,-44
-83,-20,7
-83,-19,4
-83,29,-39
-83,35,29
-83,44,-46
-83,91,-46
-83,114,-46
-83,138,-4
-83,185,-3
-82,-162,5
-82,-161,3
-82,-145,3
-82,-138,3
-82,-91,3
-82,-90,4
-82,-86,6
-82,-42,6
-82,-20,5
-82,-19,7
-82,35,-5
-82,44,-46
-82,45,-46
-82,86,-4
-82,87,-14
-82,92,-46
-82,139,-15
-82,186,-7
-81,-162,5
-81,-161,-48
-81,-146,4
-81,-145,-72
-81,-138,10
-81,-91,-14
-81,-90,43
-81,-87,-42
-81,-86,-11
-81,-43,-500
-81,-42,6
-81,-19,7
-81,31,-39
-81,32,7
-81,35,-5
-81,45,-5
-81,46,-46
-81,85,12
-81,86,12
-81,140,-15
-81,186,-9
-81,187,-9
-80,-221,16
-80,-162,5
-80,-138,6
-80,-90,4
-80,-87,-42
-80,-86,23
-80,-44,14
-80,-43,-15
-80,-32,-8
-80,-19,11
-80,-18,-39
-80,31,-14
-80,32,-11
-80,35,-40
-80,46,-46
-80,83,-8
-80,84,7
-80,93,-46
-80,140,-6
-80,141,-15
-80,187,-46
-79,-221,6
-79,-220,2
-79,-162,-48
-79,-138,43
-79,-90,21
-79,-87,-42
-79,-86,4
-79,-65,-44
-79,-45,3
-79,-44,6
-79,-32,-8
-79,-18,-39
-79,-17,-39
-79,31,-39
-79,32,11
-79,35,-7
-79,47,-5
-79,82,-6
-79,83,-6
-79,94,-7
-79,141,-5
-79,188,-3
-78,-220,7
-78,-163,-48
-78,-138,3
-78,-90,4
-78,-86,-500
-78,-65,-44
-78,-45,-24
-78,-44,20
-78,-18,-25
-78,-17,-22
-78,31,-39
-78,32,35
-78,35,7
-78,48,-5
-78,81,-7
-78,82,-7
-78,95,-46
-78,142,-44
-78,188,-46
-78,189,-5
-77,-220,7
-77,-219,6
-77,-164,-48
-77,-138,6
-77,-110,-21
-77,-84,10
-77,-83,3
-77,-66,14
-77,-65,-44
-77,-45,6
-77,-17,-8
-77,31,-10
-77,32,-10
-77,48,-8
-77,49,-46
-77,79,11
-77,80,-7
-77,81,-46
-77,142,-6
-77,143,-5
-77,189,-46
-77,190,-4
-76,-219,6
-76,-138,-16
-76,-111,-35
-76,-110,-35
-76,-109,4
-76,-83,50
-76,-66,-44
-76,-45,6
-76,-11,-22
-76,32,11
-76,33,11
-76,49,-46
-76,78,-20
-76,79,-7
-76,143,-8
-76,144,-46
-76,190,-7
-75,-219,2
-75,-218,4
-75,-173,7
-75,-172,7
-75,-138,83
-75,-111,-35
-75,-110,-35
-75,-109,-35
-75,-101,7
-75,-46,20
-75,-45,5
-75,-21,-9
-75,-15,7
-75,-11,7
-75,32,-39
-75,33,-6
-75,50,8
-75,77,-5
-75,78,-7
-75,144,-46
-75,145,-46
-75,191,-3
-74,-218,16
-74,-173,9
-74,-172,3
-74,-171,3
-74,-138,3
-74,-110,-35
-74,-109,-35
-74,-101,76
-74,-64,-44
-74,-46,20
-74,-45,55
-74,-21,5
-74,-15,-24
-74,-12,6
-74,-11,100
-74,-1,-18
-74,0,-1000
-74,11,-38
-74,25,-7
-74,28,-39
-74,32,-39
-74,33,-39
-74,50,-6
-74,51,-8
-74,76,10
-74,144,-46
-74,145,-46
-74,192,-6
-73,-217,4
-73,-172,-36
-73,-171,30
-73,-138,-16
-73,-121,-13
-73,-110,-35
-73,-109,4
-73,-101,-40
-73,-65,-44
-73,-64,-44
-73,-46,55
-73,-45,-7
-73,-22,4
-73,-15,5
-73,-12,7
-73,-11,-14
-73,-1,333
-73,0,-5
-73,12,58
-73,25,-53
-73,28,-18
-73,29,-15
-73,32,-39
-73,51,-6
-73,52,8
-73,145,-46
-73,146,-46
-73,193,-46
-72,-172,-36
-72,-171,-36
-72,-137,90
-72,-110,-35
-72,-109,47
-72,-108,47
-72,-102,-40
-72,-72,-44
-72,-71,-44
-72,-66,-334
-72,-65,-44
-72,-64,-44
-72,-46,20
-72,-45,-24
-72,-22,5
-72,-19,-44
-72,-12,-14
-72,-7,-12
-72,0,166
-72,16,-6
-72,21,-17
-72,22,-17
-72,25,-17
-72,29,-5
-72,32,-500
-72,35,-25
-72,52,8
-72,146,-6
-72,147,-3
-72,193,-3
-71,-188,6
-71,-181,45
-71,-172,-36
-71,-171,-36
-71,-170,3
-71,-159,8
-71,-137,-14
-71,-109,4
-71,-108,4
-71,-102,-40
-71,-72,-44
-71,-71,-44
-71,-65,3
-71,-64,-8
-71,-63,-8
-71,-45,28
-71,-20,-26
-71,-16,-10
-71,-13,83
-71,-12,-14
-71,-8,6
-71,2,-38
-71,13,7
-71,16,-143
-71,21,7
-71,22,-53
-71,25,8
-71,29,-6
-71,35,-8
-71,36,-5
-71,53,17
-71,133,11
-71,147,-46
-71,148,-46
-71,194,-6
-70,-189,2
-70,-171,8
-70,-170,8
-70,-159,47
-70,-158,6
-70,-137,5
-70,-109,71
-70,-108,71
-70,-102,-10
-70,-72,-44
-70,-71,-44
-70,-65,12
-70,-64,-14
-70,-20,-26
-70,-13,-13
-70,-12,-13
-70,-8,-500
-70,1,6
-70,2,33
-70,14,-67
-70,17,-56
-70,22,-5
-70,25,10
-70,29,-5
-70,35,-5
-70,36,-5
-70,54,-13
-70,147,-6
-70,148,-46
-70,149,-46
-70,195,-3
-69,-171,5
-69,-170,7
-69,-137,-1000
-69,-109,50
-69,-108,50
-69,-102,-40
-69,-66,15
-69,-65,-14
-69,-64,-44
-69,-28,52
-69,-20,125
-69,-13,40
-69,-8,6
-69,1,-25
-69,9,-48
-69,14,-143
-69,22,7
-69,36,-7
-69,54,-14
-69,55,8
-69,148,-6
-69,149,-46
-69,195,-5
-69,196,-46
-68,-206,8
-68,-137,2
-68,-108,50
-68,-103,-40
-68,-102,-40
-68,-65,-14
-68,-64,5
-68,-45,3
-68,-14,-250
-68,-13,-250
-68,-8,5
-68,-3,-5
-68,1,-28
-68,9,-29
-68,10,-8
-68,15,-19
-68,18,-28
-68,55,-12
-68,56,-6
-68,149,40
-68,150,-46
-68,196,-5
-68,197,-46
-67,-222,43
-67,-221,43
-67,-206,2
-67,-192,2
-67,-137,10
-67,-119,10
-67,-108,-48
-67,-104,-40
-67,-103,-40
-67,-65,4
-67,-64,500
-67,-63,500
-67,-30,-112
-67,-22,-8
-67,-13,-6
-67,-8,-5
-67,-3,-17
-67,10,-38
-67,15,-10
-67,18,-72
-67,56,-11
-67,150,-6
-67,151,-46
-67,197,-5
-67,198,-46
-66,-223,4
-66,-222,10
-66,-215,5
-66,-171,41
-66,-150,-125
-66,-143,10
-66,-142,76
-66,-137,13
-66,-122,-28
-66,-107,-20
-66,-104,-15
-66,-103,-40
-66,-65,38
-66,-64,500
-66,-31,-53
-66,-30,4
-66,-24,-39
-66,-23,-39
-66,-12,-7
-66,-3,-17
-66,10,-6
-66,27,-6
-66,56,-11
-66,151,-46
-66,152,-46
-66,197,-5
-66,198,-46
-65,-216,5
-65,-190,52
-65,-171,9
-65,-149,7
-65,-143,-18
-65,-142,-19
-65,-123,-40
-65,-122,-40
-65,-107,17
-65,-106,3
-65,-65,28
-65,-64,-44
-65,-31,4
-65,-30,4
-65,-24,-39
-65,-12,-7
-65,-4,-6
-65,-3,-38
-65,10,-38
-65,27,-6
-65,151,-3
-65,152,-5
-65,198,-3
-65,199,-46
-64,-217,4
-64,-189,-100
-64,-171,6
-64,-170,-36
-64,-143,12
-64,-124,28
-64,-123,-77
-64,-107,-35
-64,-106,-25
-64,-65,-13
-64,-64,4
-64,-32,71
-64,-31,1000
-64,-25,-39
-64,-24,-9
-64,-13,-56
-64,-4,7
-64,-3,-38
-64,9,-5
-64,152,-6
-64,153,-46
-64,185,-4
-64,199,-46
-64,200,-4
-64,207,-3
-63,-218,52
-63,-217,52
-63,-171,-36
-63,-170,-36
-63,-144,-46
-63,-124,9
-63,-123,-84
-63,-107,-25
-63,-106,-25
-63,-32,-10
-63,-31,-10
-63,-26,-27
-63,-25,-39
-63,-13,-26
-63,-4,-7
-63,-3,-7
-63,14,-38
-63,153,-4
-63,154,-46
-63,200,-46
-63,201,-5
-63,207,-3
-63,208,-46
-62,-218,19
-62,-170,8
-62,-144,3
-62,-124,9
-62,-123,-42
-62,-107,10
-62,-106,-35
-62,-32,52
-62,-31,-10
-62,-27,6
-62,-26,6
-62,-5,-17
-62,-4,-17
-62,14,-7
-62,33,-6
-62,154,-5
-62,155,-46
-62,200,-15
-62,201,-15
-62,208,-9
-61,-219,4
-61,-170,6
-61,-145,3
-61,-124,-42
-61,-123,-91
-61,-107,18
-61,-106,-35
-61,-32,-7
-61,-31,55
-61,-27,76
-61,-26,-39
-61,-6,-38
-61,-5,7
-61,13,-38
-61,14,-38
-61,155,-6
-61,156,-5
-61,201,-4
-61,202,-15
-60,-170,8
-60,-169,2
-60,-145,3
-60,-124,16
-60,-107,18
-60,-106,-35
-60,-105,-35
-60,-66,-10
-60,-32,-7
-60,-31,-7
-60,-28,-6
-60,-27,76
-60,-8,-38
-60,-7,-38
-60,-6,-125
-60,12,-38
-60,13,-22
-60,155,-5
-60,156,-6
-60,202,-46
-60,203,-5
-60,210,-46
-59,-169,6
-59,-146,-91
-59,-124,11
-59,-106,-35
-59,-105,-35
-59,-66,-11
-59,-32,-334
-59,-31,-33
-59,-29,-9
-59,-28,-39
-59,-8,-38
-59,-7,-38
-59,11,-38
-59,12,-38
-59,28,-6
-59,156,-4
-59,157,-4
-59,203,-15
-59,204,-46
-59,210,166
-58,-218,2
-58,-169,5
-58,-152,11
-58,-146,6
-58,-124,-14
-58,-106,-35
-58,-105,-35
-58,-42,22
-58,-32,-44
-58,-31,-9
-58,-29,6
-58,-8,-38
-58,-7,-19
-58,8,-10
-58,28,-21
-58,142,-7
-58,157,-7
-58,158,-4
-58,204,-15
-58,205,-46
-57,-169,-112
-57,-152,3
-57,-146,3
-57,-125,7
-57,-124,11
-57,-106,-35
-57,-105,-35
-57,-42,5
-57,-32,-7
-57,-31,-32
-57,-30,-32
-57,-8,-6
-57,-7,-19
-57,7,-38
-57,29,-5
-57,158,-46
-57,159,-46
-57,205,-46
-56,-169,2
-56,-153,6
-56,-152,2
-56,-146,19
-56,-125,3
-56,-124,-14
-56,-106,90
-56,-105,-35
-56,-104,-35
-56,-66,4
-56,-65,4
-56,-42,22
-56,-32,83
-56,-31,-10
-56,-30,-10
-56,-8,-8
-56,-7,-19
-56,7,5
-56,18,9
-56,29,9
-56,36,-5
-56,159,-46
-56,160,41
-56,205,-4
-56,206,-46
-55,-168,-100
-55,-154,2
-55,-153,7
-55,-145,-31
-55,-125,11
-55,-124,16
-55,-105,-35
-55,-104,-35
-55,-83,3
-55,-66,32
-55,-65,4
-55,-32,-334
-55,-31,-334
-55,-30,-10
-55,-8,-38
-55,-7,-38
-55,6,-38
-55,7,-38
-55,14,-6
-55,30,-5
-55,36,-39
-55,159,-4
-55,160,-3
-55,207,-44
-54,-155,6
-54,-154,16
-54,-125,-112
-54,-124,10
-54,-105,-35
-54,-104,-35
-54,-83,-13
-54,-66,8
-54,-65,-8
-54,-44,-8
-54,-32,90
-54,-31,-334
-54,-30,-32
-54,-8,-38
-54,-7,-38
-54,-1,90
-54,6,21
-54,14,-38
-54,30,-8
-54,36,-32
-54,86,19
-54,160,-5
-54,161,-3
-54,204,-3
-54,208,-3
-53,-212,6
-53,-168,-91
-53,-141,-27
-53,-125,16
-53,-124,10
-53,-105,-35
-53,-104,-35
-53,-83,-91
-53,-66,-9
-53,-65,3
-53,-64,27
-53,-44,5
-53,-32,4
-53,-31,-334
-53,-30,-32
-53,-8,-11
-53,-7,-38
-53,-1,-38
-53,5,-38
-53,6,-38
-53,19,-6
-53,31,-12
-53,42,-5
-53,86,-6
-53,87,-32
-53,161,-4
-53,162,-4
-53,204,-3
-53,208,-4
-52,-182,5
-52,-150,20
-52,-141,5
-52,-133,8
-52,-126,-125
-52,-125,15
-52,-105,-35
-52,-104,-35
-52,-103,-35
-52,-84,13
-52,-65,500
-52,-64,-8
-52,-32,27
-52,-31,-10
-52,-30,-9
-52,-8,-11
-52,-7,-38
-52,-6,-7
-52,-1,-38
-52,0,-38
-52,5,-38
-52,14,-21
-52,19,-6
-52,31,-5
-52,85,-4
-52,86,-31
-52,88,-31
-52,162,-6
-52,163,-6
-52,203,-3
-52,204,-4
-52,209,-4
-51,-198,5
-51,-142,2
-51,-133,9
-51,-126,3
-51,-125,-143
-51,-104,-35
-51,-103,-35
-51,-65,32
-51,-64,-8
-51,-47,-22
-51,-32,26
-51,-31,4
-51,-30,-10
-51,-7,-38
-51,-6,-38
-51,1,-38
-51,5,-38
-51,19,-6
-51,32,-5
-51,85,-4
-51,86,-4
-51,112,-9
-51,163,-5
-51,203,-59
-51,204,-4
-51,210,-5
-50,-198,3
-50,-197,3
-50,-152,13
-50,-142,15
-50,-133,17
-50,-126,-143
-50,-125,9
-50,-104,-35
-50,-103,-35
-50,-49,-38
-50,-48,3
-50,-32,-33
-50,-31,4
-50,-30,4
-50,-7,-53
-50,-6,-38
-50,1,-38
-50,5,-7
-50,6,-38
-50,19,22
-50,33,-10
-50,85,-4
-50,86,9
-50,90,19
-50,91,8
-50,163,-6
-50,164,-3
-50,203,-59
-50,204,-59
-50,205,-63
-50,211,-4
-49,-198,3
-49,-152,-48
-49,-151,11
-49,-133,5
-49,-132,14
-49,-126,-19
-49,-123,3
-49,-104,-35
-49,-103,12
-49,-86,11
-49,-49,-9
-49,-48,-77
-49,-31,111
-49,-30,11
-49,-24,4
-49,5,-38
-49,6,-38
-49,34,5
-49,86,-35
-49,90,-7
-49,91,-7
-49,164,-3
-49,165,-5
-49,203,-3
-49,204,-3
-49,205,-59
-49,212,-112
-48,-133,3
-48,-132,17
-48,-123,10
-48,-104,8
-48,-103,6
-48,-86,17
-48,-75,21
-48,-45,10
-48,-31,4
-48,-30,-33
-48,-2,-38
-48,-1,-38
-48,6,-38
-48,7,-38
-48,35,52
-48,89,-7
-48,90,-31
-48,165,41
-48,166,41
-48,203,-6
-48,206,-5
-48,212,-5
-47,-187,4
-47,-149,2
-47,-133,3
-47,-132,-27
-47,-103,-11
-47,-102,-35
-47,-86,-11
-47,-76,7
-47,-75,3
-47,-46,-8
-47,-45,4
-47,-31,100
-47,-30,100
-47,-1,-38
-47,6,-38
-47,7,-38
-47,29,5
-47,87,23
-47,89,-31
-47,90,-31
-47,166,-6
-47,167,-46
-47,203,-59
-47,206,-7
-47,207,-4
-47,213,-7
-46,-167,76
-46,-149,7
-46,-148,2
-46,-103,-35
-46,-102,-35
-46,-86,3
-46,-76,3
-46,-46,4
-46,-31,-10
-46,-30,-7
-46,-1,-38
-46,0,-38
-46,6,8
-46,7,-38
-46,8,-38
-46,87,-31
-46,90,-31
-46,166,-6
-46,167,-46
-46,203,-4
-46,207,-250
-46,214,-42
-45,-167,-334
-45,-166,3
-45,-148,14
-45,-130,-30
-45,-129,-42
-45,-103,27
-45,-102,13
-45,-76,3
-45,-46,5
-45,-31,-7
-45,-30,-7
-45,-26,-500
-45,-8,-38
-45,-1,-38
-45,0,-38
-45,7,-38
-45,8,-5
-45,87,-31
-45,88,-31
-45,90,-31
-45,167,-3
-45,168,-46
-45,203,-7
-45,207,-3
-45,208,-3
-45,215,-84
-44,-167,6
-44,-166,6
-44,-130,3
-44,-129,32
-44,-104,13
-44,-63,-15
-44,-31,-7
-44,-30,-7
-44,-8,-11
-44,-3,-38
-44,7,-38
-44,8,-38
-44,9,-38
-44,87,-31
-44,88,-31
-44,90,8
-44,160,22
-44,168,-3
-44,169,-46
-44,198,-17
-44,203,-3
-44,208,-7
-43,-167,3
-43,-166,14
-43,-165,14
-43,-104,3
-43,-103,6
-43,-92,-40
-43,-91,9
-43,-63,-29
-43,-62,-29
-43,-31,4
-43,-30,-15
-43,-29,-15
-43,-4,-38
-43,-3,-38
-43,7,-38
-43,8,-38
-43,48,-32
-43,88,-31
-43,90,-9
-43,91,-9
-43,160,-4
-43,169,-46
-43,170,-46
-43,198,-5
-43,203,-15
-43,208,-59
-42,-167,3
-42,-166,3
-42,-165,3
-42,-132,-25
-42,-103,14
-42,-91,-40
-42,-63,-8
-42,-62,-29
-42,-30,-15
-42,-29,-15
-42,-8,-38
-42,-7,-38
-42,8,-8
-42,30,-29
-42,88,-31
-42,89,-31
-42,90,-9
-42,91,10
-42,169,28
-42,170,28
-42,171,-46
-42,198,-4
-42,203,-5
-42,208,-59
-42,217,-28
-41,-167,2
-41,-166,-36
-41,-165,2
-41,-132,-25
-41,-103,10
-41,-102,-11
-41,-63,3
-41,-62,-29
-41,-30,11
-41,-29,-33
-41,-8,-38
-41,18,-19
-41,24,-17
-41,88,16
-41,89,-5
-41,91,-4
-41,170,-4
-41,171,-4
-41,198,-5
-41,202,-143
-41,203,-46
-41,208,-59
-41,218,-3
-40,-167,2
-40,-165,2
-40,-164,2
-40,-102,6
-40,-101,6
-40,-63,4
-40,-62,-29
-40,-35,4
-40,-34,4
-40,-30,-33
-40,-29,-33
-40,18,5
-40,24,-6
-40,88,-4
-40,89,-6
-40,171,-3
-40,198,-143
-40,202,-4
-40,203,-59
-40,208,-59
-40,218,-3
-40,219,-31
-39,-182,-36
-39,-167,2
-39,-165,14
-39,-164,2
-39,-102,-11
-39,-101,3
-39,-62,-29
-39,-61,4
-39,-35,-32
-39,-30,11
-39,-29,11
-39,18,45
-39,24,-9
-39,88,10
-39,89,-31
-39,198,-4
-39,202,-3
-39,203,-59
-39,218,-5
-39,219,-4
-38,-182,-91
-38,-181,11
-38,-167,27
-38,-164,29
-38,-134,2
-38,-101,3
-38,-100,3
-38,-62,4
-38,-61,-29
-38,-35,4
-38,-30,11
-38,-29,11
-38,18,27
-38,24,9
-38,88,10
-38,89,-31
-38,90,10
-38,198,-3
-38,202,-200
-38,203,-59
-38,219,-3
-38,220,-46
-37,-182,11
-37,-181,4
-37,-167,2
-37,-164,-32
-37,-101,-11
-37,-100,-35
-37,-62,-29
-37,-61,8
-37,-47,9
-37,-42,-50
-37,-30,-10
-37,-29,6
-37,-27,-22
-37,18,8
-37,24,6
-37,88,9
-37,89,-31
-37,90,-5
-37,202,-4
-37,220,-3
-37,221,-3
-36,-216,6
-36,-182,11
-36,-181,4
-36,-167,26
-36,-164,-32
-36,-163,-32
-36,-101,6
-36,-100,-35
-36,-90,27
-36,-62,-8
-36,-61,-29
-36,-42,-7
-36,-41,3
-36,-36,-59
-36,-33,45
-36,-24,71
-36,-23,-36
-36,18,-12
-36,88,-7
-36,89,-6
-36,90,-5
-36,164,21
-36,221,-4
-36,222,-4
-35,-182,18
-35,-181,4
-35,-167,-250
-35,-164,28
-35,-163,14
-35,-131,-25
-35,-100,-35
-35,-99,3
-35,-90,3
-35,-62,-167
-35,-61,-29
-35,-60,-29
-35,-41,3
-35,-36,4
-35,-33,4
-35,-25,4
-35,-24,4
-35,-23,-21
-35,88,-7
-35,89,-4
-35,90,-6
-35,164,-5
-35,222,-4
-34,-182,18
-34,-181,18
-34,-164,14
-34,-163,14
-34,-132,5
-34,-131,2
-34,-100,-35
-34,-99,6
-34,-61,-29
-34,-60,-29
-34,-26,-36
-34,-25,4
-34,88,8
-34,89,-8
-34,90,-5
-34,222,-4
-34,223,-4
-33,-182,7
-33,-181,11
-33,-164,14
-33,-163,14
-33,-131,2
-33,-100,-35
-33,-99,-35
-33,-61,142
-33,-60,142
-33,-39,-7
-33,-26,-15
-33,-25,12
-33,88,-7
-33,89,-30
-33,90,-7
-33,157,18
-32,-214,23
-32,-182,11
-32,-181,11
-32,-164,4
-32,-163,4
-32,-131,-17
-32,-100,-10
-32,-99,-35
-32,-98,22
-32,-61,-29
-32,-60,-29
-32,-39,-32
-32,-27,-6
-32,-26,-36
-32,-25,-36
-32,26,9
-32,88,-30
-32,89,-30
-32,90,-7
-32,133,-12
-32,134,-31
-32,186,-20
-31,-214,3
-31,-182,11
-31,-181,11
-31,-163,-125
-31,-131,12
-31,-99,-35
-31,-98,-35
-31,-61,-29
-31,-60,-29
-31,-39,-32
-31,-30,-7
-31,-26,-29
-31,20,12
-31,26,-13
-31,79,-31
-31,88,-30
-31,89,-30
-31,90,-7
-31,166,-334
-31,179,-63
-31,191,-6
-30,-182,18
-30,-181,18
-30,-163,-125
-30,-162,3
-30,-131,3
-30,-130,3
-30,-99,-35
-30,-98,-35
-30,-61,-29
-30,-60,-29
-30,-59,-29
-30,-30,11
-30,-26,5
-30,20,-6
-30,26,9
-30,88,15
-30,89,-30
-30,90,-7
-30,167,-63
-30,179,-4
-30,180,-5
-30,191,-5
-30,197,-3
-29,-182,11
-29,-181,-35
-29,-163,3
-29,-162,3
-29,-131,-17
-29,-130,3
-29,-99,3
-29,-98,-35
-29,-60,-29
-29,-59,-29
-29,-31,5
-29,-30,5
-29,-29,5
-29,-28,-33
-29,40,-32
-29,88,20
-29,89,-30
-29,167,-9
-29,168,1000
-29,185,-3
-29,197,-4
-29,202,-36
-28,-182,8
-28,-181,11
-28,-160,5
-28,-131,-17
-28,-130,3
-28,-98,-35
-28,-97,-35
-28,-60,-7
-28,-59,-29
-28,-32,-7
-28,-29,-11
-28,-28,-33
-28,88,-30
-28,89,-30
-28,119,-167
-28,167,-5
-28,168,-4
-28,169,166
-28,185,-4
-28,197,-9
-28,202,-36
-28,203,-3
-27,-183,-125
-27,-182,11
-27,-181,-35
-27,-160,4
-27,-131,-17
-27,-130,-17
-27,-98,26
-27,-97,26
-27,-59,-29
-27,-29,-16
-27,-28,-33
-27,21,18
-27,79,166
-27,88,-30
-27,89,-30
-27,109,-16
-27,110,-16
-27,168,-4
-27,169,-9
-27,185,-8
-27,202,-22
-27,203,-22
-26,-183,8
-26,-182,8
-26,-145,3
-26,-130,-17
-26,-98,3
-26,-97,26
-26,-60,4
-26,-59,-7
-26,-58,-29
-26,-29,-6
-26,-28,-16
-26,21,7
-26,64,10
-26,65,-31
-26,88,-30
-26,89,-30
-26,109,18
-26,110,35
-26,169,-11
-26,190,-3
-26,191,-19
-26,202,-3
-26,203,-16
-25,-224,2
-25,-223,2
-25,-183,11
-25,-182,11
-25,-145,-25
-25,-98,5
-25,-97,6
-25,-60,-15
-25,-59,-29
-25,-58,-29
-25,-29,9
-25,-28,12
-25,65,27
-25,66,100
-25,67,111
-25,88,-30
-25,89,-5
-25,109,-4
-25,136,-30
-25,169,-8
-25,170,-3
-25,184,-6
-25,196,-7
-24,-224,3
-24,-223,2
-24,-184,2
-24,-183,-35
-24,-182,-35
-24,-145,5
-24,-97,-12
-24,-96,7
-24,-59,-29
-24,-58,10
-24,-29,5
-24,-28,-33
-24,21,-35
-24,66,-30
-24,67,-30
-24,68,-6
-24,81,500
-24,88,-6
-24,109,-18
-24,170,-12
-24,196,-4
-24,197,-4
-23,-224,3
-23,-223,3
-23,-184,4
-23,-183,4
-23,-146,50
-23,-145,11
-23,-130,4
-23,-97,7
-23,-96,7
-23,-59,10
-23,-58,10
-23,-29,7
-23,-28,-33
-23,22,-6
-23,67,-30
-23,68,-30
-23,81,52
-23,88,-19
-23,89,-6
-23,118,20
-23,135,-4
-23,145,-30
-23,196,-25
-23,202,-4
-22,-223,3
-22,-184,4
-22,-183,4
-22,-146,5
-22,-145,3
-22,-130,4
-22,-97,6
-22,-96,-12
-22,-59,-8
-22,-58,8
-22,-57,-7
-22,-28,13
-22,-22,-8
-22,67,-30
-22,68,-30
-22,88,-19
-22,89,-6
-22,108,-4
-22,118,-56
-22,134,-12
-22,135,-4
-22,145,-5
-22,146,-23
-22,185,-34
-22,186,-3
-22,201,-22
-22,202,-3
-21,-223,17
-21,-222,5
-21,-209,3
-21,-185,3
-21,-184,4
-21,-183,4
-21,-146,11
-21,-145,3
-21,-96,22
-21,-59,10
-21,-58,10
-21,-57,10
-21,-43,11
-21,-31,6
-21,-30,6
-21,-22,9
-21,-21,8
-21,51,8
-21,66,-30
-21,67,-30
-21,68,-30
-21,88,-4
-21,89,-19
-21,118,-6
-21,134,-12
-21,135,-30
-21,146,37
-21,185,-34
-21,186,-12
-21,201,-22
-21,202,-4
-20,-222,5
-20,-185,10
-20,-184,-35
-20,-183,-35
-20,-147,10
-20,-146,3
-20,-96,7
-20,-95,7
-20,-58,-250
-20,-57,-7
-20,-43,-6
-20,-42,7
-20,-31,-17
-20,-30,-7
-20,-22,18
-20,-21,5
-20,66,-30
-20,67,-30
-20,87,-8
-20,88,-4
-20,146,-5
-20,147,-9
-20,186,-34
-20,191,-34
-20,201,-4
-19,-222,3
-19,-185,4
-19,-184,10
-19,-183,-35
-19,-147,18
-19,-146,11
-19,-96,5
-19,-95,8
-19,-58,5
-19,-57,9
-19,-42,11
-19,-31,6
-19,-22,7
-19,-21,-20
-19,63,-30
-19,64,-30
-19,81,13
-19,87,-7
-19,88,-4
-19,138,-6
-19,147,-11
-19,186,-8
-19,191,-34
-19,192,-34
-18,-185,8
-18,-184,10
-18,-183,4
-18,-147,-25
-18,-146,5
-18,-95,30
-18,-58,-8
-18,-57,-29
-18,-42,4
-18,-41,4
-18,-31,7
-18,-22,-15
-18,-21,5
-18,63,-30
-18,64,-30
-18,81,43
-18,87,-4
-18,88,-6
-18,147,-30
-18,148,-11
-18,186,-3
-18,191,-34
-18,192,-34
-17,-221,2
-17,-185,4
-17,-184,-35
-17,-183,4
-17,-147,13
-17,-58,9
-17,-57,-7
-17,-52,10
-17,-41,11
-17,-29,12
-17,50,500
-17,63,-30
-17,81,13
-17,87,-4
-17,88,38
-17,147,-3
-17,148,-5
-17,186,-8
-17,191,-4
-17,192,-34
-17,198,-34
-16,-221,3
-16,-220,6
-16,-185,-35
-16,-184,-35
-16,-147,-25
-16,-96,5
-16,-57,5
-16,-52,4
-16,-33,12
-16,-32,-38
-16,80,-30
-16,87,-6
-16,88,-6
-16,147,-11
-16,148,-3
-16,186,-3
-16,191,-4
-16,192,-34
-16,198,-34
-15,-220,2
-15,-185,2
-15,-184,-334
-15,-148,17
-15,-147,3
-15,-96,-22
-15,-57,-500
-15,87,37
-15,88,37
-15,105,-30
-15,148,-3
-15,149,-30
-15,161,33
-15,186,-84
-15,192,-3
-15,198,-3
-15,204,-34
-14,-220,2
-14,-219,7
-14,-206,2
-14,-148,5
-14,-147,17
-14,-142,16
-14,-38,-7
-14,-31,-7
-14,-30,-20
-14,87,-29
-14,88,-6
-14,105,-30
-14,148,-30
-14,149,-30
-14,186,-9
-14,192,-4
-14,204,-34
-14,220,-6
-13,-220,2
-13,-219,2
-13,-149,200
-13,-148,5
-13,-147,5
-13,-142,6
-13,-141,19
-13,-104,4
-13,-103,76
-13,-100,20
-13,-38,-11
-13,-30,-20
-13,-29,-7
-13,42,-9
-13,43,-8
-13,79,-30
-13,86,13
-13,87,-29
-13,106,-7
-13,148,-5
-13,149,-30
-13,192,-4
-13,204,-3
-13,209,-34
-13,210,-34
-12,-220,2
-12,-219,7
-12,-163,13
-12,-149,11
-12,-148,5
-12,-104,45
-12,-103,45
-12,-100,55
-12,-30,-30
-12,-29,-20
-12,42,7
-12,43,11
-12,78,12
-12,86,13
-12,87,-29
-12,97,14
-12,148,-30
-12,149,-30
-12,161,142
-12,191,-4
-12,192,-13
-12,198,-4
-12,204,-3
-12,209,-34
-12,210,-28
-11,-219,2
-11,-163,33
-11,-149,3
-11,-148,3
-11,-103,23
-11,-100,6
-11,-40,-36
-11,-29,5
-11,-28,5
-11,-20,5
-11,78,27
-11,86,-29
-11,87,-29
-11,148,-30
-11,161,-3
-11,185,-4
-11,191,-4
-11,192,-16
-11,198,-4
-11,204,-4
-11,209,-28
-11,210,-28
-10,-163,3
-10,-149,11
-10,-148,3
-10,-103,23
-10,-40,-20
-10,-29,25
-10,-28,4
-10,-20,-17
-10,-19,-25
-10,43,-31
-10,77,-77
-10,86,-29
-10,87,-29
-10,98,-18
-10,161,-5
-10,162,83
-10,185,-18
-10,191,-6
-10,192,-7
-10,198,-13
-10,204,-3
-10,209,-34
-10,210,-34
-9,-218,3
-9,-149,4
-9,-103,30
-9,-102,18
-9,-41,4
-9,-20,6
-9,-19,5
-9,43,-31
-9,75,-8
-9,76,-30
-9,85,-6
-9,86,-29
-9,103,-11
-9,104,13
-9,161,-4
-9,162,-30
-9,185,-4
-9,191,-4
-9,192,-7
-9,198,-7
-9,204,-7
-9,209,-24
-9,210,-4
-8,-218,7
-8,-217,31
-8,-162,3
-8,-150,16
-8,-149,10
-8,-102,8
-8,-101,3
-8,-42,10
-8,-41,-125
-8,-20,6
-8,-19,5
-8,43,-31
-8,75,-30
-8,85,-29
-8,86,-29
-8,103,13
-8,104,13
-8,153,-3
-8,162,-30
-8,191,-56
-8,192,-3
-8,198,-13
-8,203,-4
-8,204,-3
-7,-218,7
-7,-217,31
-7,-162,3
-7,-161,2
-7,-150,3
-7,-149,3
-7,-102,83
-7,-101,5
-7,-42,9
-7,-28,27
-7,-20,5
-7,-19,34
-7,42,-31
-7,43,-31
-7,85,23
-7,86,-29
-7,103,-19
-7,104,13
-7,153,-30
-7,162,-30
-7,191,-56
-7,192,-56
-7,204,-3
-6,-217,2
-6,-216,2
-6,-190,2
-6,-189,2
-6,-162,9
-6,-161,2
-6,-150,3
-6,-101,-12
-6,-43,-63
-6,-42,4
-6,-28,4
-6,85,-29
-6,86,-29
-6,103,-6
-6,162,-30
-6,191,-4
-6,192,-16
-6,204,-3
-5,-217,6
-5,-216,2
-5,-190,7
-5,-189,2
-5,-162,2
-5,-150,3
-5,-43,5
-5,-28,5
-5,84,11
-5,85,-29
-5,162,-30
-5,191,-4
-5,203,-3
-5,204,-14
-4,-190,2
-4,-189,2
-4,-162,3
-4,-150,3
-4,-28,5
-4,-19,6
-4,-18,5
-4,84,-29
-4,85,-29
-4,98,-6
-4,162,-30
-4,191,-56
-4,203,-4
-4,204,-24
-3,-190,7
-3,-19,-5
-3,-18,14
-3,66,-4
-3,67,11
-3,80,-8
-3,84,10
-3,85,-29
-3,185,-7
-3,191,-84
-3,203,-4
-2,-191,2
-2,-190,4
-2,-186,7
-2,-19,14
-2,-18,5
-2,66,-30
-2,80,-14
-2,84,-29
-2,85,-29
-2,184,-3
-2,185,-5
-2,191,-84
-2,197,-5
-1,-191,2
-1,-190,4
-1,-185,-35
-1,-45,4
-1,-19,11
-1,37,-31
-1,43,9
-1,84,-29
-1,85,-29
-1,102,14
-1,185,-5
-1,191,-24
-1,197,-56
0,-185,-35
0,-46,18
0,-45,18
0,-19,18
0,43,7
0,83,11
0,84,-5
0,85,-29
0,102,21
0,162,-8
0,191,-5
0,197,-8
1,-185,3
1,-152,125
1,-114,-34
1,-46,-9
1,-18,5
1,44,-6
1,83,12
1,84,-5
1,101,-29
1,102,-29
1,191,-56
1,197,-7
2,-186,-35
2,-185,-35
2,-114,-34
2,-46,17
2,45,7
2,83,12
2,84,-29
2,102,-29
2,171,-10
2,191,-3
2,197,-3
3,-186,-35
3,-185,-35
3,-136,3
3,-115,-34
3,-114,-34
3,-47,7
3,-26,-6
3,-25,-9
3,83,-29
3,84,-29
3,102,-29
3,171,-4
3,172,-4
3,190,-3
3,191,-3
3,197,-4
4,-190,2
4,-189,-35
4,-188,2
4,-136,-12
4,-115,5
4,-48,5
4,-47,-112
4,-26,5
4,-25,6
4,82,10
4,83,-4
4,125,-29
4,126,-29
4,171,1000
4,172,-3
4,190,-56
4,196,-56
4,197,-10
5,-190,-35
5,-189,-35
5,-136,3
5,-115,-34
5,-49,-11
5,-48,5
5,-27,-6
5,-26,-6
5,82,12
5,83,-4
5,89,-10
5,90,17
5,172,-9
5,173,-5
5,190,-56
5,191,-56
5,196,-5
5,197,-42
6,-190,7
6,-136,3
6,-135,-13
6,-115,-34
6,-49,-8
6,-27,5
6,-26,5
6,82,12
6,83,12
6,89,-28
6,172,-31
6,173,-9
6,190,-8
6,191,-8
6,196,-7
7,-212,27
7,-135,5
7,-27,13
7,-26,5
7,19,-32
7,20,-13
7,81,100
7,82,-7
7,127,-4
7,190,-3
7,191,-84
7,196,-5
8,-135,5
8,-116,-10
8,-52,-25
8,-27,5
8,-26,5
8,19,-32
8,20,7
8,81,15
8,82,-7
8,90,-4
8,127,-3
8,190,-24
8,196,-56
9,-196,4
9,-191,-35
9,-134,-12
9,-116,5
9,-52,-67
9,-27,-9
9,-26,5
9,-25,-33
9,19,-14
9,20,-13
9,56,100
9,81,10
9,90,-4
9,190,-56
9,196,-56
10,-211,-77
10,-210,3
10,-192,-35
10,-134,3
10,-128,17
10,-117,-34
10,-116,-34
10,-26,76
10,-25,-33
10,19,-14
10,20,-14
10,81,10
10,89,-28
10,90,-28
10,176,-30
10,190,-4
10,196,-7
10,208,-4
11,-211,6
11,-210,19
11,-192,-35
11,-134,3
11,-128,-50
11,-118,-34
11,-117,-34
11,-26,14
11,-25,-33
11,18,-13
11,19,-14
11,20,-14
11,81,-28
11,105,27
11,176,-3
11,177,-3
11,190,-3
11,196,-56
11,208,-3
12,-210,2
12,-196,-36
12,-195,20
12,-134,4
12,-133,-67
12,-128,-11
12,-118,-34
12,-117,-34
12,-27,-6
12,-26,14
12,-25,-8
12,18,7
12,19,-14
12,81,-28
12,105,26
12,177,-200
12,189,-56
12,190,-3
12,196,-3
12,208,-3
13,-210,2
13,-196,27
13,-195,7
13,-133,6
13,-128,5
13,-120,-34
13,-119,-34
13,-53,9
13,-26,8
13,-25,14
13,-24,5
13,19,71
13,68,-29
13,80,10
13,81,-8
13,128,-14
13,178,-30
13,190,-3
13,195,-5
13,196,-28
13,208,-21
14,-209,7
14,-197,-36
14,-196,4
14,-133,4
14,-128,-11
14,-53,9
14,-25,-8
14,-24,-8
14,68,-29
14,76,34
14,80,-28
14,81,-28
14,88,17
14,106,-7
14,178,-7
14,195,-7
14,196,-21
14,208,-3
15,-209,2
15,-197,7
15,-196,2
15,-133,-11
15,-132,3
15,-128,16
15,-122,-34
15,-25,-33
15,-24,-33
15,76,10
15,80,-28
15,81,-28
15,106,15
15,178,-167
15,195,-7
15,208,-4
16,-209,17
16,-132,3
16,-127,3
16,-122,-34
16,-25,13
16,-24,-33
16,17,-6
16,76,-5
16,80,-28
16,83,13
16,178,-4
16,189,-56
16,195,-7
16,208,-7
17,-160,125
17,-132,3
17,-131,3
17,-127,5
17,-25,13
17,-24,-33
17,16,18
17,17,6
17,76,-5
17,79,-28
17,80,10
17,83,15
17,84,12
17,189,-8
17,195,-21
17,202,-3
17,208,-17
18,-207,2
18,-163,3
18,-132,3
18,-131,-35
18,-127,3
18,-25,14
18,-24,-33
18,15,-32
18,16,-32
18,79,-56
18,82,10
18,83,10
18,87,11
18,97,-4
18,105,14
18,189,-7
18,195,-8
18,202,-3
18,208,-17
19,-208,21
19,-207,2
19,-177,41
19,-176,2
19,-170,6
19,-169,3
19,-163,4
19,-131,3
19,-127,5
19,-123,-34
19,-25,11
19,-24,-33
19,15,-32
19,79,-31
19,82,10
19,83,12
19,87,16
19,189,-34
19,195,-44
19,202,-24
19,208,-21
20,-207,4
20,-196,2
20,-187,2
20,-183,3
20,-177,4
20,-176,4
20,-171,6
20,-170,8
20,-163,6
20,-131,5
20,-130,3
20,-127,5
20,-123,3
20,-24,-33
20,-23,13
20,14,-32
20,15,-32
20,79,-31
20,82,10
20,86,-10
20,87,-10
20,189,-34
20,194,-44
20,202,-3
20,207,-34
20,208,-21
21,-207,2
21,-187,4
21,-177,2
21,-171,6
21,-170,6
21,-166,4
21,-131,3
21,-130,3
21,-127,3
21,-24,13
21,-23,13
21,14,7
21,15,-32
21,79,-200
21,86,-10
21,87,16
21,110,-28
21,159,-4
21,189,-34
21,194,-29
21,202,-13
21,207,-34
21,208,-21
22,-206,3
22,-130,3
22,-127,5
22,-24,13
22,-23,13
22,14,7
22,15,27
22,78,10
22,79,12
22,86,14
22,87,13
22,104,18
22,110,-28
22,159,-12
22,189,-34
22,194,-9
22,201,-21
22,202,-3
22,207,-34
22,208,-22
23,-206,3
23,-130,4
23,-129,-23
23,-24,5
23,-23,5
23,14,7
23,78,10
23,79,-36
23,86,14
23,87,-23
23,153,-4
23,159,-24
23,193,-8
23,194,-15
23,207,-34
23,208,-12
24,-206,31
24,-205,3
24,-130,5
24,-129,5
24,-24,5
24,-23,5
24,78,12
24,79,-36
24,86,-6
24,87,-28
24,105,-4
24,153,-12
24,193,-31
24,194,-7
24,201,-7
24,207,-4
24,208,-7
25,-205,31
25,-129,3
25,-24,15
25,-23,15
25,77,-8
25,78,14
25,86,-4
25,87,-4
25,105,-4
25,193,-7
25,194,-7
25,207,-7
25,208,-7
26,-205,31
26,-129,-23
26,-128,5
26,-24,15
26,-23,15
26,77,14
26,78,14
26,85,16
26,86,13
26,193,-3
26,207,-7
26,208,-16
27,-205,3
27,-204,3
27,-129,5
27,-128,3
27,-24,-7
27,-23,5
27,77,-35
27,78,12
27,85,-4
27,102,-5
27,148,-28
27,192,-7
27,193,-13
27,207,-7
27,208,-16
28,-204,3
28,-128,4
28,-127,4
28,-23,-7
28,-22,7
28,77,-8
28,78,-8
28,84,-23
28,85,27
28,147,-5
28,148,-28
28,156,-7
28,157,-28
28,192,-14
28,193,-13
28,207,-4
28,208,-4
29,-204,2
29,-203,3
29,-128,3
29,-127,13
29,-22,-33
29,-21,7
29,21,6
29,77,29
29,78,-28
29,147,76
29,148,-6
29,156,-28
29,157,-28
29,192,-32
29,193,-5
29,207,-22
29,208,-6
30,-204,3
30,-203,31
30,-128,-23
30,-127,-23
30,-21,-34
30,20,19
30,77,29
30,78,14
30,109,-21
30,147,-4
30,192,-21
30,193,-21
30,207,-22
30,208,-6
31,-203,3
31,-127,5
31,-45,-21
31,-44,11
31,20,-6
31,76,-5
31,77,-28
31,78,-28
31,83,-91
31,109,-9
31,191,-9
31,192,-21
31,207,-22
31,208,-22
32,-203,4
32,-202,4
32,-127,30
32,-126,5
32,-96,7
32,-46,-21
32,-45,-21
32,76,11
32,77,-28
32,103,-16
32,104,-16
32,191,-33
32,192,-33
32,207,-22
32,208,-16
33,-202,3
33,-127,-23
33,-126,-23
33,-97,-20
33,-96,500
33,-47,8
33,-46,-21
33,76,-28
33,82,-28
33,103,-6
33,104,-6
33,141,-48
33,191,-3
33,192,-3
33,207,-3
33,208,-22
34,-223,3
34,-202,3
34,-201,3
34,-126,34
34,-97,7
34,-96,7
34,-50,-11
34,-49,4
34,76,-28
34,77,-28
34,140,-6
34,141,-28
34,191,-4
34,192,-4
34,207,-10
34,208,-3
35,-224,6
35,-223,2
35,-202,3
35,-201,2
35,-126,6
35,-125,-23
35,-98,29
35,-97,3
35,-51,4
35,-50,4
35,-22,4
35,58,-28
35,76,-5
35,77,-28
35,82,-7
35,140,-9
35,141,25
35,191,-21
35,192,-21
35,207,-4
35,208,-22
35,222,-25
36,-224,8
36,-223,2
36,-201,3
36,-126,37
36,-125,-23
36,-98,6
36,-97,3
36,-52,4
36,-51,11
36,-22,7
36,-5,-33
36,58,-28
36,75,-500
36,76,-28
36,77,-5
36,82,-5
36,99,-19
36,110,-6
36,141,-6
36,191,-21
36,207,-3
36,208,-22
36,209,-22
36,219,-6
36,220,-3
36,221,-25
36,222,-25
37,-224,3
37,-201,4
37,-200,4
37,-126,3
37,-125,-23
37,-99,-15
37,-98,4
37,-53,-22
37,-52,10
37,-22,16
37,17,-7
37,75,-28
37,76,-28
37,77,-28
37,99,-28
37,141,-4
37,191,-34
37,207,-10
37,208,-16
37,209,-7
37,218,-7
37,219,-25
37,220,-25
38,-224,3
38,-201,2
38,-200,6
38,-125,-23
38,-99,6
38,-98,-15
38,-54,4
38,-53,90
38,-22,-9
38,-21,-25
38,-11,-33
38,17,10
38,75,-8
38,76,-28
38,77,-5
38,83,-8
38,99,-17
38,141,-5
38,190,-12
38,191,-4
38,207,-12
38,208,-3
38,218,-25
38,219,-25
39,-200,4
39,-125,4
39,-124,6
39,-100,27
39,-99,4
39,-93,-20
39,-54,12
39,-21,5
39,32,-112
39,59,-28
39,75,-28
39,76,-8
39,83,-46
39,84,-46
39,99,-20
39,141,-10
39,149,-4
39,154,-13
39,190,-12
39,208,-7
39,218,-25
39,219,-25
40,-221,3
40,-200,32
40,-199,3
40,-125,3
40,-124,-23
40,-120,6
40,-100,26
40,-99,4
40,-55,4
40,-21,-8
40,31,13
40,59,-5
40,75,-40
40,76,-5
40,82,9
40,99,52
40,141,-9
40,149,-28
40,154,-13
40,190,-4
40,191,-35
40,200,-25
40,218,-25
40,219,-25
41,-199,3
41,-124,-23
41,-119,3
41,-101,4
41,-100,6
41,-55,6
41,-21,8
41,-20,-7
41,30,142
41,31,-125
41,58,-28
41,59,-28
41,75,-77
41,82,-17
41,87,-4
41,99,76
41,141,-28
41,190,-3
41,191,-21
41,200,-34
41,217,-18
41,218,-18
41,219,-18
42,-199,3
42,-124,3
42,-123,16
42,-118,10
42,-117,-20
42,-102,12
42,-101,6
42,-56,10
42,-21,17
42,-20,-7
42,30,6
42,59,-28
42,74,-17
42,75,27
42,87,11
42,88,-7
42,141,-28
42,148,-28
42,149,-28
42,190,-21
42,208,-3
42,217,-4
42,218,-25
43,-199,4
43,-198,32
43,-124,6
43,-123,16
43,-116,4
43,-102,3
43,-101,12
43,-20,-7
43,29,-167
43,30,12
43,59,-9
43,74,-28
43,75,-5
43,87,-5
43,88,-7
43,148,-28
43,149,-28
43,189,-7
43,190,-3
43,208,-22
43,217,-6
43,218,-25
44,-199,4
44,-198,3
44,-124,6
44,-123,16
44,-115,6
44,-103,4
44,-102,4
44,-20,-25
44,28,8
44,29,8
44,75,-5
44,87,-10
44,88,18
44,147,-28
44,148,-28
44,189,-3
44,190,-3
44,208,-4
44,217,-25
44,218,-25
45,-199,2
45,-198,31
45,-123,5
45,-122,16
45,-103,3
45,-102,12
45,-20,-25
45,-19,-25
45,28,7
45,29,-20
45,87,14
45,88,-4
45,99,-4
45,147,-28
45,189,-8
45,190,-4
45,200,-8
45,208,-6
45,216,-17
45,217,-25
45,218,-5
46,-199,7
46,-198,7
46,-123,4
46,-122,16
46,-104,23
46,-103,12
46,-91,5
46,-20,-25
46,-19,-25
46,27,-12
46,28,-12
46,74,28
46,77,15
46,88,-9
46,146,-10
46,188,-5
46,189,-36
46,200,-34
46,205,-8
46,216,-4
46,217,-18
47,-199,2
47,-123,5
47,-122,16
47,-104,4
47,-103,7
47,-20,-25
47,-19,-25
47,26,18
47,27,8
47,74,14
47,77,-25
47,146,-28
47,188,-13
47,189,-5
47,205,-7
47,208,-11
47,216,-19
47,217,-5
48,-222,3
48,-200,28
48,-122,-24
48,-121,3
48,-105,3
48,-104,12
48,-20,6
48,-19,6
48,26,100
48,27,7
48,73,-10
48,74,14
48,77,-25
48,117,43
48,188,-3
48,189,-21
48,208,-4
48,209,-22
48,216,-25
48,217,-5
49,-201,4
49,-200,3
49,-122,8
49,-121,3
49,-106,12
49,-105,12
49,-104,3
49,-19,5
49,25,7
49,26,-12
49,35,-7
49,73,-11
49,74,14
49,77,-5
49,91,-10
49,143,-4
49,144,-4
49,188,-7
49,189,-5
49,208,-4
49,209,-4
49,215,-5
49,216,-25
49,217,-25
50,-202,2
50,-201,2
50,-121,3
50,-106,7
50,-105,21
50,-19,-25
50,-18,6
50,24,8
50,25,-12
50,73,-30
50,74,31
50,143,-10
50,187,-34
50,188,-3
50,205,-28
50,208,-22
50,215,-5
50,216,-25
50,217,-25
51,-217,2
51,-203,3
51,-202,3
51,-121,-24
51,-120,4
51,-19,-25
51,-18,-25
51,24,8
51,25,8
51,73,-11
51,74,32
51,142,-4
51,143,-4
51,187,-5
51,188,-5
51,205,-28
51,208,-3
51,215,-25
51,216,-4
52,-205,4
52,-204,24
52,-121,-24
52,-120,-24
52,-19,8
52,-18,-7
52,23,12
52,24,-13
52,74,-5
52,75,33
52,112,-23
52,118,-4
52,142,-10
52,187,-39
52,188,-3
52,205,-28
52,208,-22
52,215,-25
52,216,-25
53,-207,3
53,-206,4
53,-205,4
53,-120,3
53,-98,-20
53,-97,-20
53,-19,6
53,-18,6
53,23,8
53,74,-143
53,112,-4
53,117,45
53,118,45
53,142,-10
53,187,-39
53,188,-5
53,208,-22
53,215,-25
53,216,-25
54,-120,333
54,-119,333
54,-98,-20
54,-77,-25
54,-18,5
54,22,-6
54,23,-6
54,77,-77
54,117,19
54,118,-13
54,141,-500
54,187,-39
54,208,-22
54,215,-25
54,216,-25
55,-209,3
55,-120,6
55,-119,16
55,-77,-25
55,-76,-25
55,-18,5
55,-17,8
55,21,-8
55,22,-8
55,78,500
55,100,-27
55,101,-27
55,102,-27
55,118,-27
55,141,50
55,187,-4
55,208,-22
55,215,-25
55,216,-25
56,-209,5
56,-208,3
56,-119,5
56,-77,7
56,-18,6
56,-17,12
56,20,8
56,21,23
56,81,-27
56,100,-27
56,101,-27
56,141,-27
56,187,-5
56,205,-4
56,208,-22
56,214,-4
56,215,-25
57,-208,5
57,-119,3
57,-118,-24
57,-100,-20
57,-94,-20
57,-18,-84
57,-17,12
57,20,-13
57,21,-13
57,100,-27
57,101,-27
57,105,-27
57,141,-27
57,186,-9
57,187,-5
57,205,-3
57,208,-22
57,214,-7
57,215,-7
58,-208,2
58,-207,2
58,-119,5
58,-118,3
58,-94,-20
58,-18,11
58,-17,6
58,19,-13
58,20,-6
58,101,-27
58,105,-27
58,140,-27
58,186,-72
58,187,-21
58,205,-3
58,208,-22
58,214,-4
58,215,-3
59,-208,2
59,-207,6
59,-118,11
59,-17,-77
59,18,25
59,19,-6
59,96,-27
59,140,-27
59,186,-72
59,187,-5
59,205,-10
59,208,-10
59,214,-3
59,215,-3
60,-207,2
60,-118,4
60,-117,5
60,-17,-7
60,-16,8
60,18,-14
60,19,-6
60,95,-27
60,96,-27
60,113,-19
60,140,-27
60,186,-5
60,187,-21
60,205,-7
60,208,-7
60,213,-7
60,214,-4
61,-207,3
61,-206,2
61,-118,3
61,-117,-22
61,-17,6
61,-16,6
61,17,-14
61,18,8
61,60,-5
61,112,-4
61,113,-19
61,140,-27
61,186,-21
61,187,-21
61,199,-8
61,205,-7
61,213,-14
61,214,-3
62,-207,2
62,-206,2
62,-117,16
62,-17,5
62,-16,-7
62,16,8
62,17,6
62,18,-14
62,112,20
62,131,-35
62,140,-27
62,186,-21
62,205,-10
62,213,-3
62,214,-3
63,-206,23
63,-117,16
63,-116,16
63,-17,5
63,-16,-7
63,15,12
63,16,6
63,17,-14
63,112,-4
63,131,26
63,186,-21
63,205,-28
63,213,-4
63,214,-4
64,-206,6
64,-205,24
64,-117,4
64,-116,3
64,-16,-7
64,14,6
64,15,-6
64,16,6
64,131,-14
64,185,-11
64,186,-11
64,205,-21
64,213,-4
64,214,-3
65,-206,2
65,-205,2
65,-116,-20
65,-115,3
65,-102,-20
65,-16,-7
65,-15,5
65,14,6
65,15,-6
65,16,6
65,131,-20
65,185,-21
65,205,-8
65,213,-3
65,214,-20
66,-205,6
66,-116,3
66,-115,16
66,-16,6
66,-15,6
66,13,6
66,14,6
66,15,-6
66,65,37
66,118,-11
66,185,-7
66,204,-5
66,205,-8
66,213,-14
66,214,-14
67,-205,2
67,-204,2
67,-116,3
67,-115,-20
67,-16,5
67,-15,6
67,13,-6
67,14,6
67,65,-27
67,185,-6
67,204,-3
67,205,-3
67,213,-20
67,214,-5
68,-205,2
68,-204,4
68,-116,3
68,-115,3
68,-103,-20
68,-16,5
68,-15,62
68,12,-6
68,13,-6
68,14,-6
68,79,11
68,185,-6
68,205,-7
68,213,-5
68,214,-5
69,-204,2
69,-203,2
69,-117,3
69,-116,16
69,-104,-20
69,-103,-20
69,-67,4
69,-15,6
69,12,-6
69,13,-6
69,79,12
69,135,-11
69,184,-44
69,185,-3
69,199,-8
69,205,-5
69,214,-5
70,-204,2
70,-203,6
70,-118,16
70,-117,16
70,-104,-20
70,-103,-20
70,-15,6
70,12,-6
70,13,-15
70,105,-112
70,135,-8
70,144,-125
70,184,-38
70,199,-10
70,205,-5
70,214,-13
71,-204,4
71,-203,2
71,-118,15
71,-117,3
71,-68,-22
71,-63,-22
71,-15,-7
71,-14,-25
71,135,37
71,184,-38
71,199,-10
71,205,-4
71,213,-5
71,214,-4
72,-203,10
72,-202,6
72,-119,3
72,-118,-20
72,-63,-22
72,-15,6
72,-14,6
72,184,-4
72,199,-4
72,205,-4
72,213,-13
72,214,-13
73,-203,2
73,-202,2
73,-119,-20
73,-118,3
73,-69,6
73,-64,-22
73,-15,9
73,-14,-25
73,133,-26
73,134,-26
73,183,-4
73,184,-6
73,199,-27
73,205,-5
73,213,-13
73,214,-4
74,-221,20
74,-203,23
74,-202,11
74,-120,15
74,-119,15
74,-69,-24
74,-64,-20
74,-15,-10
74,-14,-10
74,128,-30
74,133,-26
74,134,-26
74,183,-11
74,184,-6
74,199,-3
74,205,-4
74,213,-4
74,214,-4
75,-202,23
75,-201,5
75,-120,15
75,-119,3
75,-108,-20
75,-101,-20
75,-100,-20
75,-70,15
75,-69,66
75,-65,-10
75,-14,6
75,134,-26
75,183,-3
75,184,-6
75,199,-5
75,205,-3
75,213,-3
75,214,-4
76,-202,2
76,-201,20
76,-121,14
76,-120,200
76,-100,-20
76,-70,62
76,-69,-10
76,-14,-25
76,-13,-25
76,183,-3
76,184,-5
76,199,-24
76,205,-3
76,213,-4
76,214,-4
77,-201,2
77,-122,3
77,-121,3
77,-100,-20
77,-99,-20
77,-86,9
77,-69,66
77,-14,5
77,-13,-10
77,114,-5
77,183,-22
77,199,-36
77,205,-4
77,213,-3
78,-201,2
78,-200,2
78,-123,-28
78,-122,3
78,-121,3
78,-100,-20
78,-99,-20
78,-86,-38
78,-72,-13
78,-69,4
78,-66,-12
78,-14,-10
78,-13,-8
78,114,-4
78,182,-10
78,183,-3
78,205,-8
78,213,-4
79,-201,6
79,-200,6
79,-123,3
79,-122,-20
79,-107,-91
79,-99,-20
79,-72,-13
79,-69,4
79,-66,-22
79,-13,-8
79,18,-20
79,182,-22
79,183,-22
79,199,-4
79,205,-29
79,213,-24
80,-200,6
80,-124,200
80,-123,100
80,-122,100
80,-99,-20
80,-73,-10
80,-72,4
80,-67,4
80,-66,-22
80,-65,-22
80,-13,-8
80,182,-22
80,183,-22
80,199,-4
80,205,-3
81,-212,2
81,-200,20
81,-199,2
81,-124,14
81,-123,90
81,-99,-50
81,-85,4
81,-73,50
81,-67,-20
81,-66,-22
81,-65,-22
81,-13,-8
81,-12,5
81,129,-26
81,182,-22
81,183,-5
81,205,-24
82,-200,2
82,-199,6
82,-125,3
82,-124,-20
82,-123,-20
82,-99,-20
82,-73,-13
82,-67,4
82,-66,-22
82,-65,76
82,-13,-25
82,-12,-25
82,181,-50
82,182,-22
82,205,-3
83,-199,5
83,-125,3
83,-124,-20
83,-112,-125
83,-108,12
83,-100,-20
83,-99,-20
83,-74,4
83,-70,-13
83,-67,-11
83,-66,-12
83,-65,-22
83,-13,-25
83,-12,-25
83,24,6
83,67,10
83,181,-22
83,182,-4
83,199,-32
83,205,-5
84,-199,5
84,-198,5
84,-126,76
84,-125,76
84,-124,-20
84,-108,-20
84,-99,-20
84,-98,-20
84,-70,-10
84,-66,4
84,-65,-22
84,-12,5
84,181,-22
84,182,-4
84,199,-32
84,205,-3
85,-198,5
85,-126,76
85,-125,76
85,-99,-20
85,-98,-20
85,-75,13
85,-71,13
85,-70,-13
85,-66,-22
85,-65,-22
85,-12,5
86,-198,2
86,-197,6
86,-127,-42
86,-126,-20
86,-99,-20
86,-75,6
86,-71,-24
86,-70,52
86,-67,4
86,-66,-22
86,-65,-22
86,-12,-25
86,-11,-25
86,187,-22
87,-198,6
87,-197,6
87,-127,-20
87,-126,-20
87,-99,-20
87,-71,-24
87,-67,-12
87,-66,-22
87,-12,-25
87,-11,-25
87,113,-25
87,114,-25
88,-128,-20
88,-127,-20
88,-98,-20
88,-67,-23
88,-64,-22
88,114,-25
88,115,100
88,172,-5
88,173,-5
89,-129,-48
89,-128,-20
89,-127,-20
89,-98,-20
89,-67,4
89,-64,-22
89,-1,-10
89,0,-21
89,115,-25
89,116,-25
89,172,-4
89,173,-11
90,-129,-20
90,-128,-20
90,-68,55
90,-65,-22
90,-64,66
90,-1,-14
90,115,-25
90,116,-25
90,156,-22
90,172,-4
90,173,-11
91,-196,4
91,-130,-20
91,-129,71
91,-128,-20
91,-69,5
91,-68,5
91,-65,-22
91,-64,-22
91,-11,41
91,115,-25
91,116,-25
91,172,-11
91,173,-3
92,-196,3
92,-130,-20
92,-129,-20
92,-69,5
92,-65,-17
92,-64,-22
92,-33,-22
92,-10,41
92,53,-25
92,113,-11
92,115,-25
92,116,-25
92,172,-11
93,-196,3
93,-131,-20
93,-130,-20
93,-64,-22
93,-10,5
93,112,-25
93,113,-25
93,158,-4
93,209,-3
94,-196,6
94,-131,-20
94,-130,-20
94,158,-5
95,-196,2
95,-132,-20
95,-131,-20
96,-196,2
96,-195,3
96,-132,-20
96,-131,-20
97,-196,3
97,-195,7
97,-191,7
97,-133,-20
97,-132,-20
97,-45,-22
97,-6,47
97,84,-8
97,96,-13
98,-218,4
98,-196,4
98,-195,4
98,-134,3
98,-133,-20
98,-132,-20
98,-7,45
98,55,-25
98,84,-8
98,85,-25
98,223,-3
99,-219,15
99,-196,83
99,-195,7
99,-134,-20
99,-133,-20
99,-8,43
99,-7,43
99,55,-9
99,56,-25
99,84,-8
99,85,-25
99,223,-3
100,-219,4
100,-196,7
100,-135,71
100,-134,-20
100,-133,-20
100,-20,-24
100,-8,-19
100,56,-25
100,223,-4
101,-219,7
101,-196,4
101,-135,12
101,-134,-20
101,-46,-22
101,-9,-8
101,-8,-9
101,56,-6
101,68,27
102,-219,3
102,-136,6
102,-135,-20
102,-9,40
102,56,-7
102,68,-4
103,-219,9
103,-136,-20
103,-135,-20
103,-68,10
103,-47,-22
103,-10,38
103,68,-20
104,-137,45
104,-136,45
104,-68,-22
104,-67,100
104,-10,26
104,68,-7
104,176,-21
105,-138,18
105,-137,-20
105,-136,43
105,-104,22
105,-68,-22
105,-67,-22
105,-37,-46
105,-11,8
105,193,-63
106,-218,6
106,-138,43
106,-137,43
106,-104,-20
106,-69,-22
106,-68,5
106,-67,-22
106,-37,-10
106,156,-22
106,157,-22
107,-218,13
107,-209,3
107,-139,-63
107,-138,43
107,-103,-20
107,-69,-9
107,-68,-9
107,156,-22
107,157,-22
108,-208,15
108,-202,3
108,-139,43
108,-138,3
108,-69,-22
108,-68,-22
108,174,-4
108,198,-3
108,199,-20
109,-202,9
109,-140,22
109,-139,43
109,-69,-22
109,-68,-22
109,-48,5
109,198,-4
109,199,-20
110,-202,17
110,-140,-21
110,-139,-21
110,-69,-22
110,-68,-22
110,150,-3
110,200,-20
111,-202,2
111,-141,4
111,-140,-21
111,-74,-9
111,-69,5
111,150,-3
112,-141,-21
112,-140,-21
112,-73,4
112,-69,-19
112,150,-4
112,199,-20
112,201,-19
113,-202,250
113,-142,-21
113,-141,-21
113,-73,-14
113,130,-4
113,184,-21
113,201,-16
113,202,-9
114,-142,-21
114,-141,-21
114,-73,4
114,129,28
114,130,-4
114,201,-9
114,202,-9
115,-218,10
115,-209,11
115,-143,3
115,-142,4
115,-108,-20
115,-73,-20
115,129,-4
115,130,-4
115,200,-28
115,201,-9
115,214,-31
116,-218,10
116,-73,6
116,129,-4
116,130,-4
116,137,-22
116,200,-4
116,201,-9
117,-218,10
117,-73,-20
117,129,-23
117,130,-23
117,201,-9
117,222,-3
118,-218,2
118,-73,27
118,13,-20
118,129,-23
118,130,-23
118,169,-5
118,170,-4
118,201,-9
118,204,-4
118,222,-10
119,-218,2
119,-205,2
119,-74,12
119,-73,27
119,12,-20
119,13,-20
119,129,-23
119,130,-23
119,169,-100
119,170,-5
119,204,-20
119,210,-3
119,222,-16
120,-218,2
120,-206,2
120,-73,4
120,12,-20
120,129,-23
120,130,-23
120,203,-4
120,204,-20
120,210,-5
121,-206,5
121,-73,4
121,129,-23
121,130,-23
121,202,-72
121,203,-4
122,-206,2
122,-105,-20
122,-73,-20
122,129,-23
122,157,-22
122,202,-11
122,203,-22
122,206,-22
123,-207,11
123,-105,-20
123,-73,-20
123,129,-23
123,203,-4
123,211,-8
124,-207,8
124,-105,3
124,-73,4
124,-72,4
124,129,-23
124,203,-4
124,211,-8
124,212,-17
125,-72,-56
125,-44,-13
125,129,-91
125,165,-77
125,203,-4
126,-71,6
126,-25,-16
126,52,-9
126,129,-91
126,165,-7
126,203,-9
127,-209,16
127,-95,-20
127,-71,-20
127,-43,-10
127,-26,5
127,-25,5
127,129,-4
127,153,-22
127,203,-20
128,-71,4
128,-26,7
128,153,-22
128,203,-20
129,-97,-20
129,-76,-20
129,-71,4
129,-27,-9
129,-26,-22
129,157,-250
129,202,-4
129,203,-11
130,-97,4
130,-77,-20
130,-28,-10
130,-27,-22
130,129,-4
130,202,-4
130,203,-20
131,-98,-20
131,-28,-9
131,-27,-22
131,128,-4
131,129,-4
132,-99,-20
132,-98,-20
132,-72,-18
132,-29,-9
132,-28,-22
132,128,-4
132,129,-4
133,-204,12
133,-99,-20
133,-72,71
133,-30,-11
133,-29,-22
133,-9,-8
133,128,-4
133,129,-4
134,-99,3
134,-73,71
134,-72,-13
134,-30,-11
134,-29,-11
134,-9,6
134,128,-5
134,129,-4
135,-203,8
135,-154,3
135,-73,-8
135,-72,-250
135,-31,-6
135,-30,-11
135,128,-4
135,129,-5
136,-155,43
136,-154,32
136,-73,-200
136,-72,-200
136,-31,-6
136,21,-20
136,128,-4
136,129,-5
137,-155,32
137,-73,-200
137,-32,-11
137,-31,-11
137,76,-22
137,77,-22
137,128,-4
137,129,-4
138,-155,3
138,-126,3
138,-73,4
138,-32,-11
138,75,-4
138,76,-22
138,77,-22
139,-73,-167
139,-32,-22
139,75,-22
139,76,-22
139,77,-22
139,78,-22
140,-33,-22
140,-32,-22
140,75,-22
140,76,-22
140,77,-22
140,78,-22
141,-107,-20
141,-33,-22
141,-32,-8
141,-17,-21
141,75,-22
141,76,-22
141,77,-22
142,-107,-20
142,-33,-22
142,75,-22
142,76,-22
143,-140,-20
143,-122,-20
143,-33,-7
143,75,-22
143,76,-22
144,-140,-20
144,-33,-6
144,75,-22
144,76,-22
144,95,-21
144,96,-21
144,102,-21
144,103,-19
144,116,-21
144,136,-12
145,-104,-20
145,75,-22
145,76,-22
145,91,-25
145,95,-20
145,96,-21
145,102,-21
145,103,-19
145,116,-21
145,117,-21
145,136,-21
146,-221,7
146,-32,4
146,75,-22
146,76,-22
146,91,-30
146,92,-21
146,99,-21
146,102,-21
146,105,-21
146,110,-17
146,116,-21
146,135,-21
146,136,-21
147,-32,13
147,75,-22
147,76,-22
147,91,10
147,92,-21
147,98,-19
147,99,-21
147,102,-21
147,105,-24
147,110,-17
147,113,-21
147,115,-14
147,116,-21
147,120,-13
147,127,-21
147,131,-17
147,132,-21
147,135,-21
148,75,-22
148,76,-22
148,90,-21
148,91,-21
148,95,-28
148,99,-10
148,102,-14
148,107,-21
148,112,-21
148,113,-15
148,115,-20
148,116,-14
148,119,-13
148,120,-13
148,127,-21
148,131,-13
148,132,-21
148,135,-21
149,75,-48
149,76,-31
149,90,-21
149,91,-21
149,95,-84
149,101,-56
149,102,-28
149,105,-53
149,112,-21
149,113,-15
149,116,13
149,119,-19
149,120,-21
149,126,-21
149,127,-21
149,131,-16
149,134,-16
149,135,-16
150,-30,-21
150,75,-22
150,76,-22
150,90,-21
150,91,-21
150,101,-67
150,102,-28
150,105,-53
150,109,-6
150,112,-19
150,113,13
150,119,-25
150,126,-21
150,127,-25
150,134,-21
150,135,-21
151,-74,-30
151,75,-22
151,76,-22
152,-74,7
152,75,-22
152,76,-22
152,91,-5
152,92,-21
152,98,-56
152,112,-15
152,115,-20
152,116,13
152,128,-14
153,-75,-20
153,-28,5
153,75,-22
153,76,-22
153,91,-21
153,92,-21
153,97,-24
153,98,-42
153,103,-21
153,104,-17
153,112,-21
153,115,-20
153,116,-21
153,121,-16
153,122,-16
153,128,-19
154,-76,-20
154,-75,3
154,75,-22
154,76,-22
154,90,-44
154,91,-44
154,97,-42
154,98,-59
154,103,-28
154,104,-44
154,108,-30
154,112,-23
154,115,-21
154,116,-38
154,121,-25
154,122,-25
154,128,-21
154,129,-21
154,132,-4
154,136,-14
154,137,-21
155,-76,-20
155,75,-22
155,76,-22
155,91,-5
155,103,-38
155,107,-5
155,108,-21
155,115,-18
155,116,-5
155,121,-28
155,124,-21
155,135,-13
155,136,-21
155,137,-21
156,-77,10
156,-76,-20
156,75,-22
156,76,-63
156,100,-13
156,103,-38
156,107,-13
156,108,-21
156,121,-13
156,124,-21
156,132,-21
156,136,-13
156,137,-21
157,-144,-20
157,-77,3
157,-76,-20
157,64,-84
157,75,-22
157,76,76
157,100,-21
157,103,-20
157,104,-20
157,107,-13
157,108,-21
157,124,-14
157,132,-21
157,136,-21
157,137,-21
158,-143,6
158,-142,-20
158,-83,7
158,-78,10
158,-77,-20
158,64,50
158,75,-22
158,76,-22
158,100,-63
158,101,-5
158,107,-13
158,125,-4
158,132,-23
158,136,-21
158,137,-21
159,-142,-20
159,-141,83
159,-128,-20
159,-83,3
159,-78,-20
159,64,-5
159,75,-22
159,76,-22
159,106,-21
159,107,-21
160,-140,-20
160,-139,-20
160,-79,-20
160,75,-22
160,76,-22
160,77,-22
160,106,-4
161,-139,4
161,-138,-20
161,75,-22
161,76,9
161,77,9
161,114,-21
162,-109,-20
162,-108,-20
162,-96,-20
162,-95,-20
162,39,-6
162,76,-100
162,77,9
162,114,-21
162,122,-18
162,123,15
163,-134,6
163,-96,6
163,-95,-20
163,76,-500
163,77,9
163,101,-5
163,108,-11
163,114,-4
163,122,-21
163,123,-21
164,-134,6
164,-96,-20
164,-95,-20
164,34,6
164,61,-5
164,77,-11
164,78,-11
164,101,-4
164,114,-10
165,-96,-20
165,-95,-20
165,25,-20
165,34,-6
165,77,-11
165,78,-11
166,-96,-20
166,25,-20
167,25,-20
167,93,-21
168,-221,3
168,-220,4
168,-99,-20
168,57,125
168,93,-36
168,94,-21
168,126,-13
169,94,-21
169,95,-21
169,126,-21
170,94,-21
170,95,-72
170,109,-21
170,114,-16
170,127,90
170,128,-21
170,129,-21
170,186,-21
170,187,-21
171,94,-21
171,95,-21
171,109,-21
171,128,-15
171,129,-21
172,93,-21
172,94,-21
173,19,-20
174,19,-20
175,223,-23
176,223,-23
177,222,-23
177,223,-23
178,221,-23
178,222,-23
178,223,-23
179,220,-23
181,217,-23
181,218,-23
185,-102,5
185,-101,-19
186,-102,5
186,-101,7
186,87,-91
187,86,-20
187,87,-20
